    5   62  Pure helium grid                               Sat Oct  5 09:53:22 2019
 Teff  log g  M/Mo  Mbol     BC    U      B      V      R      I      J      H      Ks     Y      J      H      K      W1     W2     W3     W4    S3.6   S4.5   S5.8   S8.0    u      g      r      i      z      g      r      i      z      y      G     G_BP   G_RP   FUV    NUV      Age
  3250. 7.0  0.149 15.714 -0.863 18.646 17.999 16.578 15.679 14.818 13.901 13.755 14.067 14.256 13.853 13.723 14.059 14.475 14.637 14.405 13.895 14.520 14.629 14.666 14.597 19.171 17.248 16.019 15.380 15.041 17.142 16.012 15.411 15.110 14.951 15.899 16.777 15.003 34.198 24.514 3.162E+09
  3500. 7.0  0.150 15.387 -0.684 17.869 17.362 16.071 15.259 14.474 13.666 13.541 13.826 13.980 13.620 13.510 13.817 14.194 14.341 14.120 13.647 14.235 14.335 14.365 14.296 18.412 16.676 15.573 15.015 14.731 16.580 15.567 15.042 14.786 14.657 15.489 16.271 14.645 32.447 23.397 2.892E+09
  3750. 7.0  0.151 15.084 -0.593 17.313 16.893 15.676 14.912 14.170 13.428 13.297 13.545 13.717 13.383 13.267 13.533 13.872 14.004 13.793 13.356 13.909 13.998 14.021 13.953 17.868 16.244 15.212 14.700 14.447 16.153 15.207 14.724 14.495 14.384 15.146 15.874 14.333 31.154 22.603 2.782E+09
  4000. 7.0  0.151 14.797 -0.423 16.568 16.297 15.220 14.548 13.890 13.258 13.151 13.385 13.509 13.216 13.122 13.373 13.692 13.814 13.612 13.190 13.727 13.809 13.829 13.763 17.145 15.716 14.822 14.398 14.203 15.636 14.818 14.418 14.238 14.158 14.784 15.410 14.036 29.487 21.509 2.480E+09
  4250. 7.0  0.152 14.527 -0.325 15.995 15.831 14.852 14.242 13.642 13.084 12.970 13.179 13.310 13.044 12.942 13.165 13.460 13.569 13.375 12.969 13.492 13.564 13.580 13.516 16.588 15.298 14.499 14.135 13.979 15.225 14.496 14.151 14.005 13.946 14.475 15.033 13.775 28.174 20.666 2.186E+09
  4500. 7.0  0.153 14.271 -0.253 15.489 15.419 14.524 13.966 13.416 12.921 12.793 12.964 13.126 12.882 12.767 12.950 13.215 13.310 13.121 12.731 13.244 13.307 13.317 13.255 16.097 14.925 14.208 13.897 13.775 14.859 14.206 13.910 13.793 13.752 14.193 14.694 13.538 26.989 19.916 1.950E+09
  4750. 7.0  0.155 14.026 -0.196 15.027 15.041 14.223 13.712 13.207 12.768 12.623 12.751 12.955 12.730 12.598 12.735 12.974 13.055 12.869 12.489 12.999 13.052 13.057 12.996 15.649 14.584 13.942 13.677 13.585 14.524 13.940 13.688 13.597 13.572 13.932 14.381 13.319 25.898 19.228 1.733E+09
  5000. 7.0  0.157 13.791 -0.153 14.603 14.695 13.945 13.476 13.012 12.622 12.465 12.542 12.794 12.585 12.442 12.525 12.733 12.803 12.618 12.249 12.755 12.801 12.801 12.741 15.239 14.269 13.695 13.472 13.407 14.215 13.694 13.480 13.412 13.402 13.688 14.091 13.114 24.884 18.594 1.543E+09
  5250. 7.0  0.159 13.564 -0.123 14.207 14.372 13.686 13.256 12.830 12.484 12.318 12.342 12.641 12.448 12.297 12.322 12.489 12.549 12.364 12.019 12.508 12.547 12.544 12.484 14.857 13.977 13.466 13.280 13.240 13.927 13.464 13.287 13.240 13.243 13.458 13.819 12.922 23.918 17.995 1.374E+09
  5500. 7.0  0.161 13.345 -0.099 13.841 14.072 13.444 13.048 12.656 12.353 12.187 12.169 12.496 12.317 12.167 12.145 12.254 12.300 12.118 11.830 12.269 12.299 12.292 12.231 14.503 13.703 13.249 13.098 13.080 13.658 13.248 13.103 13.075 13.090 13.240 13.564 12.740 23.015 17.441 1.226E+09
  5750. 7.0  0.164 13.133 -0.083 13.498 13.790 13.216 12.853 12.492 12.229 12.069 12.024 12.359 12.194 12.049 11.997 12.042 12.068 11.900 11.692 12.051 12.067 12.056 11.997 14.172 13.446 13.045 12.927 12.930 13.406 13.045 12.930 12.920 12.946 13.033 13.322 12.568 22.159 16.919 1.094E+09
  6000. 7.0  0.167 12.931 -0.074 13.183 13.530 13.005 12.670 12.338 12.111 11.960 11.901 12.228 12.076 11.940 11.873 11.865 11.867 11.727 11.594 11.867 11.867 11.850 11.799 13.868 13.208 12.855 12.765 12.787 13.172 12.855 12.767 12.773 12.810 12.839 13.098 12.407 21.359 16.438 9.879E+08
  6250. 7.0  0.169 12.739 -0.070 12.892 13.290 12.809 12.500 12.196 12.004 11.865 11.803 12.108 11.970 11.844 11.774 11.733 11.714 11.604 11.530 11.729 11.715 11.694 11.652 13.587 12.988 12.680 12.617 12.656 12.955 12.680 12.617 12.638 12.685 12.659 12.889 12.258 20.608 15.992 9.008E+08
  6500. 7.0  0.171 12.556 -0.071 12.622 13.067 12.628 12.343 12.063 11.903 11.777 11.717 11.996 11.870 11.755 11.687 11.628 11.598 11.513 11.472 11.622 11.600 11.578 11.544 13.327 12.784 12.516 12.479 12.534 12.754 12.516 12.477 12.513 12.568 12.491 12.694 12.118 19.903 15.578 8.236E+08
  6750. 7.0  0.173 12.380 -0.078 12.375 12.862 12.458 12.194 11.936 11.804 11.688 11.633 11.886 11.771 11.667 11.603 11.540 11.506 11.435 11.411 11.532 11.507 11.487 11.459 13.089 12.594 12.362 12.346 12.415 12.567 12.362 12.344 12.391 12.453 12.331 12.512 11.985 19.251 15.200 7.545E+08
  7000. 7.0  0.175 12.209 -0.089 12.145 12.669 12.298 12.053 11.815 11.709 11.605 11.556 11.782 11.677 11.583 11.527 11.465 11.432 11.377 11.368 11.458 11.433 11.415 11.394 12.867 12.416 12.217 12.220 12.302 12.392 12.217 12.217 12.275 12.345 12.181 12.341 11.859 18.646 14.850 6.916E+08
  7500. 7.0  0.180 11.882 -0.121 11.721 12.314 12.002 11.792 11.592 11.534 11.451 11.417 11.589 11.503 11.429 11.388 11.339 11.313 11.297 11.328 11.333 11.314 11.302 11.294 12.458 12.087 11.948 11.988 12.094 12.068 11.949 11.983 12.062 12.145 11.901 12.024 11.626 17.512 14.200 5.810E+08
  8000. 7.0  0.184 11.574 -0.168 11.348 12.001 11.741 11.561 11.392 11.374 11.310 11.288 11.415 11.344 11.287 11.260 11.225 11.207 11.212 11.239 11.220 11.207 11.203 11.202 12.099 11.797 11.710 11.781 11.907 11.782 11.711 11.774 11.870 11.964 11.651 11.742 11.417 16.520 13.628 4.893E+08
  8500. 7.0  0.189 11.283 -0.231 11.021 11.727 11.514 11.360 11.218 11.235 11.188 11.179 11.263 11.205 11.164 11.152 11.133 11.130 11.150 11.145 11.132 11.129 11.134 11.142 11.784 11.543 11.503 11.601 11.744 11.533 11.504 11.593 11.704 11.807 11.433 11.495 11.235 15.697 13.132 4.139E+08
  9000. 7.0  0.194 11.007 -0.298 10.721 11.476 11.305 11.174 11.058 11.107 11.074 11.076 11.124 11.078 11.050 11.050 11.043 11.046 11.067 11.056 11.042 11.044 11.053 11.062 11.495 11.310 11.312 11.435 11.594 11.303 11.313 11.425 11.550 11.662 11.231 11.267 11.068 14.940 12.674 3.519E+08
  9500. 7.0  0.199 10.745 -0.371 10.451 11.249 11.116 11.007 10.914 10.991 10.972 10.983 10.997 10.963 10.947 10.957 10.960 10.967 10.988 10.974 10.961 10.966 10.976 10.985 11.235 11.099 11.140 11.285 11.459 11.096 11.141 11.274 11.412 11.531 11.047 11.061 10.917 14.290 12.266 3.009E+08
 10000. 7.0  0.202 10.503 -0.448 10.214 11.050 10.950 10.860 10.787 10.890 10.883 10.902 10.887 10.863 10.857 10.876 10.888 10.899 10.917 10.902 10.890 10.898 10.909 10.917 11.007 10.914 10.990 11.154 11.340 10.914 10.991 11.142 11.291 11.417 10.886 10.879 10.785 13.729 11.906 2.602E+08
 11000. 7.0  0.208 10.058 -0.604  9.808 10.707 10.662 10.604 10.564 10.709 10.720 10.753 10.690 10.682 10.694 10.728 10.755 10.773 10.789 10.775 10.758 10.771 10.784 10.790 10.617 10.594 10.726 10.923 11.130 10.598 10.728 10.910 11.076 11.214 10.603 10.563 10.552 12.792 11.295 1.996E+08
 12000. 7.0  0.214  9.652 -0.762  9.469 10.415 10.414 10.383 10.372 10.554 10.583 10.629 10.522 10.529 10.557 10.604 10.640 10.659 10.671 10.659 10.645 10.657 10.668 10.672 10.290 10.320 10.500 10.725 10.950 10.328 10.501 10.710 10.892 11.040 10.360 10.292 10.352 12.030 10.789 1.553E+08
 13000. 7.0  0.219  9.279 -0.911  9.179 10.158 10.190 10.182 10.196 10.411 10.455 10.510 10.367 10.385 10.428 10.486 10.528 10.547 10.558 10.548 10.533 10.545 10.555 10.559 10.009 10.076 10.295 10.544 10.784 10.086 10.296 10.528 10.723 10.879 10.140 10.051 10.169 11.393 10.366 1.221E+08
 14000. 7.0  0.224  8.932 -1.050  8.927  9.926  9.983  9.995 10.030 10.271 10.329 10.392 10.217 10.247 10.301 10.368 10.416 10.435 10.446 10.435 10.421 10.433 10.443 10.447  9.764  9.853 10.103 10.374 10.626  9.865 10.104 10.356 10.562 10.725  9.937  9.831  9.996 10.852 10.005 9.675E+07
 15000. 7.0  0.229  8.609 -1.180  8.707  9.716  9.789  9.819  9.872 10.135 10.204 10.274 10.071 10.111 10.176 10.250 10.302 10.321 10.330 10.311 10.307 10.319 10.328 10.332  9.549  9.648  9.924 10.212 10.474  9.662  9.925 10.193 10.409 10.575  9.749  9.630  9.833 10.385  9.694 7.737E+07
 16000. 7.0  0.234  8.305 -1.307  8.515  9.529  9.612  9.659  9.726 10.005 10.084 10.159  9.932  9.981 10.056 10.135 10.190 10.209 10.217 10.198 10.194 10.207 10.216 10.220  9.361  9.464  9.761 10.064 10.333  9.478  9.761 10.044 10.267 10.434  9.578  9.450  9.683  9.976  9.421 6.269E+07
 17000. 7.0  0.238  8.021 -1.436  8.349  9.365  9.457  9.518  9.598  9.885  9.973 10.051  9.805  9.862  9.945 10.028 10.086 10.107 10.122 10.109 10.091 10.105 10.116 10.122  9.198  9.303  9.617  9.933 10.206  9.318  9.618  9.912 10.140 10.306  9.428  9.292  9.551  9.614  9.180 5.170E+07
 18000. 7.0  0.238  7.773 -1.572  8.224  9.244  9.345  9.417  9.508  9.800  9.896  9.976  9.715  9.778  9.868  9.953 10.015 10.039 10.061 10.054 10.021 10.037 10.050 10.058  9.076  9.184  9.515  9.842 10.118  9.200  9.515  9.820 10.053 10.216  9.319  9.176  9.458  9.315  8.988 6.029E+07
 19000. 7.0  0.243  7.518 -1.716  8.099  9.124  9.234  9.317  9.417  9.713  9.815  9.895  9.624  9.691  9.786  9.872  9.937  9.963  9.990  9.988  9.943  9.961  9.975  9.986  8.954  9.067  9.413  9.749 10.028  9.083  9.413  9.727  9.963 10.125  9.211  9.061  9.364  9.032  8.803 5.224E+07
 20000. 7.0  0.247  7.275 -1.876  8.004  9.032  9.150  9.242  9.350  9.649  9.752  9.831  9.557  9.627  9.724  9.809  9.874  9.901  9.931  9.931  9.880  9.898  9.914  9.925  8.861  8.978  9.336  9.680  9.962  8.994  9.336  9.657  9.897 10.059  9.129  8.973  9.294  8.798  8.659 4.561E+07
 21000. 7.0  0.252  7.042 -2.058  7.948  8.977  9.100  9.196  9.308  9.608  9.710  9.787  9.516  9.586  9.682  9.764  9.827  9.854  9.887  9.887  9.833  9.851  9.867  9.880  8.806  8.924  9.290  9.638  9.921  8.941  9.290  9.615  9.857 10.018  9.079  8.921  9.252  8.654  8.578 4.009E+07
 22000. 7.0  0.257  6.820 -2.237  7.901  8.929  9.057  9.156  9.270  9.569  9.669  9.744  9.478  9.547  9.641  9.721  9.782  9.810  9.844  9.846  9.788  9.807  9.823  9.836  8.759  8.878  9.249  9.599  9.883  8.895  9.249  9.576  9.819  9.980  9.036  8.876  9.213  8.523  8.513 3.545E+07
 23000. 7.0  0.261  6.608 -2.398  7.837  8.869  9.005  9.106  9.223  9.522  9.620  9.694  9.431  9.499  9.591  9.671  9.732  9.760  9.796  9.799  9.738  9.757  9.774  9.788  8.696  8.821  9.199  9.551  9.836  8.839  9.199  9.528  9.771  9.933  8.983  8.820  9.164  8.361  8.424 3.153E+07
 24000. 7.0  0.266  6.403 -2.532  7.745  8.788  8.935  9.039  9.159  9.462  9.560  9.635  9.371  9.440  9.532  9.612  9.675  9.704  9.742  9.746  9.681  9.701  9.719  9.734  8.606  8.745  9.131  9.487  9.774  8.764  9.131  9.464  9.709  9.872  8.910  8.743  9.100  8.188  8.300 2.819E+07
 25000. 7.0  0.271  6.206 -2.654  7.644  8.701  8.860  8.967  9.091  9.399  9.499  9.576  9.307  9.378  9.471  9.553  9.617  9.648  9.688  9.692  9.624  9.645  9.663  9.678  8.508  8.662  9.058  9.418  9.708  8.683  9.058  9.395  9.642  9.807  8.832  8.660  9.031  8.023  8.169 2.532E+07
 26000. 7.0  0.276  6.016 -2.768  7.544  8.614  8.785  8.895  9.024  9.338  9.440  9.518  9.244  9.316  9.411  9.495  9.561  9.592  9.634  9.639  9.568  9.589  9.608  9.624  8.411  8.581  8.985  9.350  9.643  8.602  8.985  9.326  9.576  9.743  8.755  8.577  8.962  7.866  8.042 2.284E+07
 27000. 7.0  0.281  5.833 -2.878  7.447  8.530  8.711  8.824  8.958  9.278  9.381  9.461  9.183  9.257  9.353  9.439  9.506  9.538  9.580  9.587  9.513  9.535  9.554  9.570  8.316  8.502  8.914  9.283  9.578  8.524  8.914  9.259  9.511  9.680  8.679  8.496  8.894  7.715  7.918 2.069E+07
 28000. 7.0  0.286  5.656 -2.983  7.353  8.449  8.640  8.755  8.893  9.219  9.324  9.405  9.122  9.198  9.295  9.383  9.451  9.484  9.528  9.537  9.458  9.481  9.501  9.518  8.224  8.425  8.844  9.216  9.515  8.448  8.845  9.193  9.447  9.618  8.606  8.418  8.828  7.569  7.799 1.881E+07
 29000. 7.0  0.291  5.485 -3.084  7.261  8.369  8.569  8.687  8.829  9.161  9.267  9.350  9.062  9.139  9.239  9.328  9.398  9.431  9.477  9.487  9.405  9.428  9.448  9.466  8.135  8.349  8.775  9.151  9.453  8.373  8.776  9.128  9.384  9.557  8.533  8.341  8.762  7.427  7.683 1.716E+07
 30000. 7.0  0.296  5.319 -3.180  7.171  8.292  8.500  8.620  8.765  9.103  9.211  9.296  9.003  9.081  9.182  9.273  9.344  9.379  9.426  9.438  9.352  9.376  9.397  9.414  8.047  8.275  8.708  9.087  9.391  8.300  8.708  9.063  9.322  9.497  8.462  8.265  8.698  7.289  7.569 1.571E+07
 31000. 7.0  0.301  5.158 -3.273  7.083  8.216  8.431  8.554  8.703  9.046  9.155  9.242  8.944  9.024  9.127  9.219  9.292  9.327  9.376  9.391  9.299  9.324  9.345  9.363  7.962  8.203  8.641  9.023  9.331  8.228  8.642  8.999  9.260  9.438  8.392  8.191  8.634  7.154  7.459 1.442E+07
 32000. 7.0  0.306  5.002 -3.361  6.996  8.140  8.363  8.488  8.640  8.989  9.100  9.188  8.886  8.967  9.071  9.165  9.239  9.275  9.326  9.345  9.247  9.272  9.294  9.313  7.877  8.131  8.575  8.960  9.270  8.157  8.575  8.936  9.199  9.378  8.322  8.117  8.570  7.021  7.350 1.328E+07
 33000. 7.0  0.311  4.851 -3.445  6.911  8.066  8.296  8.423  8.579  8.932  9.045  9.135  8.828  8.911  9.016  9.112  9.188  9.224  9.278  9.300  9.196  9.221  9.244  9.264  7.795  8.060  8.510  8.898  9.210  8.087  8.510  8.874  9.138  9.320  8.254  8.045  8.508  6.889  7.243 1.225E+07
 34000. 7.0  0.316  4.704 -3.526  6.828  7.993  8.230  8.359  8.518  8.876  8.991  9.082  8.771  8.855  8.962  9.059  9.136  9.174  9.231  9.256  9.144  9.171  9.194  9.215  7.714  7.990  8.445  8.836  9.151  8.017  8.446  8.812  9.078  9.262  8.187  7.974  8.446  6.759  7.139 1.134E+07
 35000. 7.0  0.321  4.561 -3.603  6.745  7.921  8.164  8.295  8.458  8.821  8.937  9.029  8.714  8.800  8.908  9.007  9.085  9.124  9.184  9.214  9.094  9.120  9.145  9.167  7.633  7.920  8.381  8.775  9.092  7.948  8.382  8.750  9.019  9.204  8.119  7.903  8.385  6.628  7.035 1.052E+07
 36000. 7.0  0.326  4.421 -3.677  6.663  7.849  8.098  8.232  8.397  8.765  8.883  8.977  8.657  8.744  8.854  8.955  9.034  9.074  9.138  9.172  9.043  9.071  9.096  9.119  7.553  7.851  8.317  8.714  9.034  7.879  8.317  8.689  8.959  9.147  8.052  7.832  8.323  6.497  6.932 9.777E+06
 37000. 7.0  0.331  4.286 -3.746  6.581  7.776  8.032  8.168  8.337  8.709  8.829  8.924  8.600  8.688  8.800  8.902  8.984  9.025  9.093  9.131  8.993  9.021  9.047  9.072  7.473  7.781  8.252  8.652  8.975  7.810  8.253  8.628  8.900  9.089  7.985  7.761  8.262  6.364  6.828 9.107E+06
 38000. 7.0  0.336  4.154 -3.811  6.499  7.703  7.965  8.104  8.275  8.653  8.774  8.871  8.543  8.632  8.745  8.849  8.933  8.976  9.049  9.089  8.942  8.972  8.999  9.026  7.393  7.711  8.187  8.590  8.915  7.741  8.188  8.565  8.840  9.031  7.917  7.689  8.199  6.230  6.723 8.500E+06
 39000. 7.0  0.341  4.026 -3.872  6.415  7.629  7.897  8.038  8.213  8.596  8.719  8.818  8.484  8.575  8.690  8.796  8.882  8.927  9.005  9.047  8.892  8.923  8.952  8.980  7.311  7.639  8.121  8.528  8.855  7.670  8.122  8.502  8.778  8.971  7.848  7.617  8.136  6.095  6.617 7.947E+06
 40000. 7.0  0.346  3.900 -3.927  6.328  7.552  7.827  7.971  8.150  8.537  8.663  8.764  8.424  8.517  8.634  8.742  8.830  8.877  8.960  9.003  8.840  8.873  8.904  8.934  7.227  7.566  8.053  8.463  8.793  7.597  8.054  8.438  8.716  8.910  7.776  7.542  8.071  5.961  6.507 7.443E+06
 42500. 7.0  0.358  3.601 -4.052  6.108  7.362  7.653  7.802  7.989  8.390  8.520  8.626  8.274  8.370  8.491  8.604  8.697  8.744  8.806  8.803  8.707  8.740  8.768  8.793  7.014  7.383  7.884  8.301  8.637  7.416  7.885  8.275  8.558  8.758  7.599  7.354  7.909  5.643  6.233 6.364E+06
 45000. 7.0  0.369  3.319 -4.080  5.789  7.088  7.399  7.550  7.744  8.165  8.300  8.411  8.048  8.145  8.270  8.389  8.483  8.526  8.567  8.547  8.493  8.523  8.547  8.563  6.700  7.121  7.631  8.053  8.399  7.157  7.633  8.027  8.317  8.528  7.339  7.081  7.664  5.341  5.906 5.491E+06
 47500. 7.0  0.380  3.052 -4.212  5.630  6.946  7.264  7.411  7.601  8.022  8.150  8.258  7.909  8.002  8.120  8.236  8.326  8.369  8.425  8.428  8.335  8.366  8.392  8.413  6.543  6.985  7.492  7.910  8.257  7.021  7.494  7.884  8.173  8.390  7.199  6.939  7.522  5.203  5.758 4.777E+06
 50000. 7.0  0.390  2.800 -4.393  5.548  6.871  7.193  7.339  7.530  7.953  8.080  8.188  7.840  7.933  8.051  8.167  8.256  8.300  8.358  8.362  8.266  8.297  8.323  8.345  6.462  6.911  7.421  7.839  8.187  6.948  7.423  7.813  8.103  8.321  7.126  6.864  7.451  5.113  5.672 4.185E+06
 52500. 7.0  0.400  2.561 -4.572  5.481  6.807  7.132  7.279  7.471  7.895  8.022  8.131  7.782  7.875  7.993  8.109  8.198  8.242  8.300  8.304  8.208  8.239  8.265  8.287  6.395  6.849  7.361  7.779  8.128  6.885  7.363  7.753  8.044  8.263  7.064  6.800  7.391  5.033  5.599 3.691E+06
 55000. 7.0  0.410  2.333 -4.743  5.418  6.748  7.076  7.224  7.416  7.842  7.969  8.077  7.728  7.821  7.939  8.055  8.145  8.189  8.247  8.249  8.154  8.185  8.212  8.234  6.334  6.790  7.305  7.724  8.074  6.828  7.307  7.698  7.989  8.209  7.007  6.742  7.336  4.958  5.531 3.274E+06
 57500. 7.0  0.419  2.116 -4.906  5.359  6.692  7.022  7.170  7.364  7.790  7.918  8.026  7.676  7.770  7.888  8.004  8.094  8.138  8.196  8.197  8.103  8.134  8.161  8.183  6.275  6.735  7.252  7.672  8.022  6.772  7.254  7.646  7.937  8.157  6.952  6.686  7.283  4.885  5.466 2.919E+06
 60000. 7.0  0.427  1.910 -5.060  5.302  6.636  6.970  7.118  7.313  7.740  7.868  7.977  7.626  7.720  7.839  7.955  8.045  8.089  8.147  8.147  8.054  8.085  8.112  8.134  6.218  6.680  7.199  7.621  7.971  6.718  7.201  7.595  7.887  8.106  6.899  6.631  7.232  4.813  5.402 2.616E+06
 65000. 7.0  0.443  1.522 -5.344  5.189  6.528  6.866  7.016  7.213  7.643  7.771  7.881  7.527  7.623  7.742  7.859  7.950  7.995  8.053  8.051  7.960  7.991  8.018  8.040  6.107  6.574  7.097  7.520  7.872  6.612  7.099  7.494  7.787  8.008  6.794  6.524  7.131  4.670  5.275 2.128E+06
 70000. 7.0  0.458  1.166 -5.599  5.081  6.423  6.765  6.917  7.117  7.549  7.679  7.789  7.432  7.528  7.649  7.767  7.859  7.905  7.963  7.958  7.869  7.901  7.929  7.951  5.999  6.470  6.998  7.423  7.776  6.508  7.000  7.397  7.691  7.912  6.692  6.420  7.034  4.530  5.152 1.757E+06
  3250. 7.5  0.313 16.162 -0.943 19.152 18.525 17.105 16.198 15.325 14.368 14.056 14.304 14.748 14.319 14.033 14.294 14.672 14.824 14.617 14.137 14.715 14.817 14.852 14.791 19.683 17.776 16.541 15.891 15.541 17.671 16.534 15.923 15.613 15.447 16.414 17.302 15.512 34.132 24.881 6.330E+09
  3500. 7.5  0.313 15.839 -0.741 18.343 17.864 16.580 15.763 14.970 14.128 13.869 14.102 14.464 14.082 13.845 14.090 14.446 14.592 14.394 13.940 14.486 14.585 14.618 14.558 18.893 17.183 16.079 15.514 15.222 17.087 16.073 15.541 15.279 15.145 15.990 16.777 15.142 32.293 23.709 5.294E+09
  3750. 7.5  0.313 15.538 -0.588 17.644 17.293 16.126 15.387 14.662 13.917 13.679 13.882 14.217 13.872 13.656 13.871 14.189 14.323 14.135 13.705 14.227 14.316 14.345 14.286 18.211 16.670 15.680 15.188 14.944 16.583 15.675 15.211 14.991 14.883 15.619 16.319 14.821 30.708 22.693 4.356E+09
  4000. 7.5  0.313 15.257 -0.459 17.011 16.777 15.716 15.045 14.383 13.726 13.516 13.696 13.994 13.683 13.492 13.683 13.980 14.099 13.919 13.504 14.013 14.094 14.118 14.062 17.595 16.206 15.319 14.893 14.693 16.127 15.315 14.913 14.729 14.645 15.278 15.902 14.530 29.244 21.764 3.836E+09
  4250. 7.5  0.314 14.993 -0.354 16.440 16.312 15.346 14.737 14.133 13.554 13.361 13.515 13.794 13.513 13.337 13.501 13.772 13.879 13.698 13.298 13.803 13.874 13.892 13.834 17.041 15.786 14.994 14.628 14.467 15.715 14.991 14.644 14.495 14.432 14.967 15.523 14.267 27.920 20.924 3.421E+09
  4500. 7.5  0.314 14.743 -0.271 15.920 15.890 15.014 14.460 13.910 13.402 13.218 13.344 13.616 13.362 13.195 13.329 13.580 13.679 13.498 13.107 13.609 13.675 13.687 13.628 16.537 15.407 14.702 14.391 14.267 15.342 14.700 14.405 14.286 14.244 14.684 15.179 14.032 26.699 20.150 3.021E+09
  4750. 7.5  0.315 14.506 -0.211 15.460 15.515 14.717 14.211 13.707 13.258 13.076 13.161 13.451 13.219 13.054 13.145 13.377 13.460 13.278 12.898 13.403 13.457 13.464 13.404 16.092 15.069 14.440 14.177 14.083 15.010 14.438 14.187 14.095 14.069 14.428 14.870 13.818 25.605 19.462 2.636E+09
  5000. 7.5  0.316 14.281 -0.166 15.047 15.177 14.446 13.983 13.520 13.124 12.946 12.991 13.299 13.086 12.924 12.972 13.172 13.246 13.065 12.695 13.195 13.243 13.246 13.188 15.692 14.762 14.201 13.979 13.914 14.709 14.200 13.988 13.919 13.909 14.191 14.587 13.621 24.616 18.845 2.333E+09
  5250. 7.5  0.316 14.066 -0.133 14.669 14.868 14.199 13.773 13.347 12.999 12.824 12.832 13.158 12.962 12.803 12.810 12.969 13.031 12.847 12.504 12.988 13.028 13.027 12.967 15.327 14.482 13.982 13.798 13.757 14.434 13.981 13.804 13.757 13.760 13.971 14.327 13.440 23.702 18.276 2.076E+09
  5500. 7.5  0.317 13.860 -0.110 14.319 14.582 13.970 13.579 13.188 12.883 12.713 12.688 13.027 12.847 12.692 12.663 12.768 12.815 12.634 12.351 12.783 12.814 12.808 12.748 14.989 14.222 13.779 13.630 13.612 14.178 13.778 13.635 13.607 13.622 13.767 14.085 13.272 22.844 17.747 1.829E+09
  5750. 7.5  0.319 13.662 -0.096 13.997 14.318 13.758 13.397 13.036 12.770 12.608 12.561 12.901 12.735 12.588 12.534 12.581 12.608 12.441 12.233 12.589 12.607 12.596 12.538 14.679 13.981 13.589 13.471 13.473 13.942 13.589 13.474 13.464 13.490 13.574 13.859 13.113 22.048 17.261 1.557E+09
  6000. 7.5  0.321 13.471 -0.087 13.698 14.071 13.557 13.225 12.894 12.665 12.514 12.456 12.783 12.631 12.493 12.428 12.425 12.429 12.286 12.149 12.427 12.429 12.413 12.361 14.390 13.755 13.410 13.321 13.342 13.719 13.410 13.323 13.329 13.365 13.392 13.645 12.962 21.310 16.810 1.319E+09
  6250. 7.5  0.322 13.288 -0.084 13.421 13.842 13.372 13.066 12.762 12.567 12.426 12.365 12.672 12.533 12.406 12.336 12.300 12.285 12.169 12.089 12.297 12.286 12.266 12.223 14.122 13.546 13.245 13.183 13.221 13.514 13.245 13.183 13.204 13.249 13.222 13.448 12.823 20.620 16.391 1.167E+09
  6500. 7.5  0.323 13.114 -0.087 13.167 13.632 13.201 12.918 12.638 12.474 12.346 12.286 12.569 12.441 12.325 12.257 12.203 12.177 12.089 12.046 12.198 12.178 12.158 12.124 13.877 13.353 13.091 13.053 13.107 13.324 13.091 13.052 13.087 13.141 13.063 13.264 12.693 19.983 16.008 1.060E+09
  6750. 7.5  0.324 12.947 -0.093 12.931 13.435 13.040 12.779 12.521 12.388 12.272 12.217 12.471 12.355 12.250 12.188 12.128 12.097 12.030 12.008 12.121 12.098 12.078 12.051 13.650 13.172 12.947 12.931 13.000 13.147 12.947 12.929 12.976 13.038 12.914 13.091 12.571 19.393 15.654 9.682E+08
  7000. 7.5  0.325 12.786 -0.104 12.711 13.252 12.890 12.648 12.412 12.305 12.200 12.151 12.379 12.273 12.178 12.122 12.062 12.029 11.974 11.963 12.054 12.030 12.012 11.989 13.438 13.003 12.812 12.817 12.899 12.980 12.812 12.813 12.872 12.942 12.773 12.929 12.455 18.844 15.324 8.880E+08
  7500. 7.5  0.327 12.481 -0.135 12.316 12.921 12.616 12.407 12.207 12.147 12.064 12.028 12.204 12.116 12.041 11.999 11.948 11.921 11.898 11.928 11.942 11.921 11.909 11.899 13.057 12.697 12.563 12.604 12.709 12.679 12.564 12.599 12.677 12.760 12.514 12.634 12.241 17.861 14.735 7.535E+08
  8000. 7.5  0.329 12.194 -0.179 11.967 12.628 12.373 12.195 12.027 12.008 11.944 11.922 12.049 11.978 11.921 11.894 11.856 11.838 11.842 11.872 11.852 11.838 11.832 11.831 12.720 12.426 12.343 12.416 12.542 12.412 12.344 12.408 12.505 12.599 12.283 12.372 12.051 16.983 14.209 6.447E+08
  8500. 7.5  0.331 11.924 -0.241 11.664 12.376 12.165 12.012 11.870 11.886 11.838 11.828 11.915 11.857 11.814 11.801 11.781 11.777 11.797 11.795 11.779 11.776 11.781 11.789 12.429 12.193 12.155 12.253 12.396 12.183 12.156 12.245 12.356 12.459 12.084 12.145 11.888 16.250 13.750 5.554E+08
  9000. 7.5  0.333 11.669 -0.304 11.386 12.143 11.974 11.843 11.727 11.776 11.742 11.744 11.792 11.747 11.718 11.717 11.709 11.712 11.734 11.723 11.709 11.710 11.719 11.728 12.161 11.978 11.981 12.104 12.263 11.971 11.982 12.095 12.220 12.331 11.899 11.935 11.737 15.554 13.327 4.814E+08
  9500. 7.5  0.335 11.428 -0.375 11.136 11.935 11.803 11.693 11.600 11.677 11.657 11.668 11.683 11.649 11.632 11.642 11.645 11.652 11.673 11.659 11.645 11.650 11.661 11.670 11.921 11.786 11.827 11.972 12.145 11.782 11.828 11.961 12.098 12.217 11.734 11.747 11.604 14.945 12.944 4.192E+08
 10000. 7.5  0.337 11.199 -0.451 10.911 11.748 11.649 11.559 11.486 11.588 11.580 11.600 11.585 11.561 11.555 11.574 11.585 11.597 11.615 11.599 11.587 11.595 11.606 11.614 11.705 11.613 11.688 11.853 12.039 11.612 11.689 11.841 11.989 12.115 11.584 11.577 11.483 14.409 12.600 3.665E+08
 11000. 7.5  0.341 10.773 -0.607 10.525 11.425 11.380 11.322 11.281 11.426 11.437 11.470 11.408 11.399 11.411 11.445 11.471 11.489 11.505 11.491 11.475 11.487 11.500 11.507 11.334 11.312 11.445 11.641 11.848 11.316 11.446 11.627 11.794 11.931 11.321 11.281 11.270 13.503 12.010 2.827E+08
 12000. 7.5  0.344 10.386 -0.766 10.202 11.152 11.152 11.121 11.108 11.290 11.319 11.364 11.258 11.264 11.292 11.339 11.375 11.394 11.405 11.394 11.379 11.392 11.403 11.407 11.024 11.058 11.238 11.462 11.686 11.065 11.239 11.447 11.628 11.776 11.097 11.029 11.088 12.762 11.521 2.197E+08
 13000. 7.5  0.347 10.029 -0.919  9.928 10.914 10.948 10.939 10.951 11.165 11.208 11.263 11.121 11.140 11.181 11.239 11.281 11.299 11.310 11.301 11.285 11.297 11.307 11.311 10.760 10.833 11.052 11.300 11.539 10.844 11.053 11.283 11.478 11.634 10.897 10.807 10.925 12.143 11.110 1.715E+08
 14000. 7.5  0.350  9.697 -1.062  9.691 10.702 10.760 10.771 10.803 11.044 11.100 11.162 10.990 11.019 11.072 11.138 11.185 11.204 11.217 11.207 11.190 11.202 11.212 11.216 10.530 10.630 10.880 11.148 11.400 10.642 10.881 11.130 11.336 11.498 10.713 10.605 10.771 11.617 10.762 1.348E+08
 15000. 7.5  0.353  9.388 -1.194  9.483 10.508 10.582 10.611 10.661 10.923 10.990 11.059 10.860 10.899 10.962 11.036 11.087 11.107 11.119 11.105 11.092 11.105 11.115 11.120 10.328 10.442 10.717 11.002 11.263 10.456 10.717 10.983 11.198 11.365 10.541 10.420 10.623 11.164 10.462 1.067E+08
 16000. 7.5  0.356  9.098 -1.320  9.301 10.334 10.418 10.462 10.525 10.803 10.880 10.955 10.732 10.779 10.852 10.932 10.988 11.009 11.020 11.004 10.993 11.007 11.017 11.022 10.150 10.271 10.564 10.863 11.132 10.285 10.565 10.843 11.065 11.236 10.381 10.252 10.484 10.770 10.201 8.506E+07
 17000. 7.5  0.359  8.825 -1.445  9.141 10.179 10.270 10.327 10.402 10.689 10.775 10.854 10.613 10.666 10.747 10.831 10.892 10.916 10.932 10.919 10.898 10.914 10.926 10.932  9.994 10.118 10.428 10.738 11.012 10.132 10.428 10.717 10.945 11.115 10.239 10.101 10.357 10.421  9.969 6.869E+07
 18000. 7.5  0.362  8.567 -1.574  9.001 10.044 10.142 10.211 10.295 10.588 10.681 10.762 10.507 10.565 10.653 10.739 10.807 10.834 10.856 10.850 10.813 10.832 10.846 10.854  9.857  9.985 10.310 10.630 10.907 10.000 10.309 10.608 10.840 11.010 10.114  9.971 10.248 10.110  9.763 5.621E+07
 19000. 7.5  0.366  8.323 -1.710  8.878  9.928 10.033 10.113 10.206 10.503 10.602 10.684 10.419 10.480 10.573 10.661 10.733 10.764 10.793 10.790 10.740 10.761 10.777 10.788  9.739  9.871 10.210 10.539 10.820  9.887 10.210 10.517 10.753 10.922 10.009  9.859 10.156  9.834  9.581 4.658E+07
 20000. 7.5  0.369  8.091 -1.854  8.774  9.831  9.944 10.033 10.133 10.434 10.537 10.620 10.348 10.412 10.509 10.597 10.671 10.704 10.738 10.738 10.678 10.701 10.719 10.731  9.637  9.777 10.128 10.465 10.750  9.793 10.128 10.442 10.683 10.851  9.922  9.766 10.081  9.592  9.424 3.909E+07
 21000. 7.5  0.372  7.869 -2.010  8.695  9.758  9.879  9.974 10.081 10.385 10.490 10.572 10.297 10.363 10.461 10.549 10.623 10.656 10.692 10.695 10.630 10.653 10.672 10.685  9.561  9.706 10.068 10.411 10.699  9.723 10.068 10.388 10.632 10.800  9.857  9.696 10.027  9.393  9.304 3.553E+07
 22000. 7.5  0.375  7.657 -2.184  8.651  9.716  9.841  9.940 10.050 10.355 10.460 10.541 10.267 10.333 10.431 10.518 10.590 10.622 10.659 10.662 10.597 10.619 10.638 10.651  9.517  9.665 10.033 10.380 10.669  9.683 10.033 10.357 10.601 10.770  9.820  9.656  9.995  9.269  9.235 3.204E+07
 23000. 7.5  0.379  7.455 -2.354  8.613  9.679  9.809  9.910 10.023 10.329 10.433 10.513 10.240 10.307 10.405 10.490 10.559 10.591 10.628 10.632 10.566 10.588 10.606 10.620  9.480  9.631 10.004 10.352 10.642  9.649 10.003 10.329 10.575 10.744  9.788  9.622  9.967  9.158  9.180 2.691E+07
 24000. 7.5  0.382  7.261 -2.510  8.565  9.635  9.771  9.875  9.990 10.297 10.400 10.479 10.209 10.275 10.372 10.456 10.524 10.555 10.594 10.599 10.531 10.552 10.571 10.585  9.434  9.589  9.967 10.319 10.610  9.607  9.967 10.296 10.542 10.712  9.749  9.581  9.933  9.023  9.109 2.275E+07
 25000. 7.5  0.385  7.076 -2.645  8.499  9.575  9.720  9.827  9.946 10.257 10.360 10.438 10.167 10.235 10.331 10.416 10.483 10.515 10.555 10.561 10.490 10.512 10.530 10.546  9.369  9.532  9.919 10.274 10.567  9.552  9.919 10.251 10.499 10.670  9.697  9.525  9.888  8.874  9.012 1.970E+07
 26000. 7.5  0.388  6.897 -2.764  8.420  9.506  9.661  9.772  9.896 10.211 10.315 10.394 10.120 10.189 10.286 10.372 10.440 10.472 10.514 10.521 10.447 10.469 10.488 10.504  9.292  9.467  9.863 10.222 10.518  9.487  9.863 10.199 10.450 10.622  9.636  9.459  9.836  8.728  8.904 1.735E+07
 27000. 7.5  0.390  6.725 -2.876  8.338  9.435  9.601  9.714  9.844 10.165 10.270 10.350 10.072 10.143 10.241 10.328 10.397 10.430 10.472 10.481 10.404 10.427 10.446 10.462  9.212  9.401  9.805 10.169 10.468  9.422  9.805 10.146 10.399 10.572  9.574  9.392  9.782  8.590  8.795 1.545E+07
 28000. 7.5  0.393  6.560 -2.982  8.257  9.365  9.541  9.657  9.791 10.118 10.225 10.307 10.024 10.096 10.196 10.284 10.354 10.388 10.432 10.441 10.361 10.385 10.405 10.421  9.133  9.335  9.747 10.116 10.417  9.357  9.747 10.092 10.347 10.523  9.512  9.325  9.728  8.458  8.689 1.388E+07
 29000. 7.5  0.396  6.399 -3.083  8.177  9.297  9.483  9.601  9.739 10.072 10.180 10.264  9.976 10.050 10.151 10.241 10.312 10.346 10.392 10.403 10.320 10.343 10.364 10.381  9.056  9.271  9.690 10.063 10.367  9.294  9.690 10.039 10.297 10.474  9.451  9.260  9.675  8.330  8.586 1.253E+07
 30000. 7.5  0.399  6.245 -3.181  8.100  9.230  9.425  9.546  9.688 10.026 10.136 10.221  9.928 10.004 10.107 10.198 10.271 10.305 10.353 10.366 10.278 10.302 10.323 10.341  8.980  9.209  9.634 10.010 10.318  9.233  9.635  9.986 10.246 10.425  9.392  9.196  9.623  8.207  8.487 1.136E+07
 31000. 7.5  0.401  6.097 -3.274  8.026  9.168  9.371  9.494  9.640  9.983 10.094 10.181  9.883  9.961 10.065 10.158 10.232 10.267 10.316 10.332 10.240 10.264 10.286 10.304  8.909  9.150  9.582  9.961 10.271  9.174  9.582  9.937 10.199 10.380  9.336  9.136  9.573  8.089  8.392 1.864E+07
 32000. 7.5  0.404  5.951 -3.363  7.951  9.104  9.315  9.440  9.589  9.937 10.050 10.138  9.837  9.916 10.021 10.116 10.191 10.227 10.278 10.296 10.199 10.224 10.246 10.265  8.836  9.089  9.527  9.910 10.222  9.115  9.528  9.885 10.149 10.332  9.278  9.074  9.521  7.971  8.297 1.743E+07
 33000. 7.5  0.407  5.810 -3.449  7.877  9.040  9.258  9.386  9.539  9.892 10.006 10.096  9.790  9.870  9.977 10.073 10.150 10.187 10.240 10.262 10.158 10.184 10.206 10.226  8.765  9.029  9.473  9.858 10.173  9.055  9.473  9.834 10.099 10.284  9.220  9.012  9.469  7.854  8.202 1.632E+07
 34000. 7.5  0.410  5.672 -3.531  7.805  8.978  9.203  9.333  9.489  9.846  9.962 10.054  9.743  9.825  9.933 10.031 10.109 10.147 10.203 10.229 10.117 10.144 10.167 10.188  8.694  8.970  9.419  9.808 10.124  8.996  9.419  9.783 10.050 10.237  9.163  8.952  9.418  7.739  8.110 1.531E+07
 35000. 7.5  0.413  5.539 -3.610  7.734  8.916  9.148  9.280  9.439  9.801  9.919 10.012  9.697  9.780  9.890  9.989 10.069 10.107 10.167 10.196 10.077 10.104 10.128 10.150  8.625  8.911  9.366  9.757 10.076  8.938  9.366  9.732 10.002 10.189  9.107  8.892  9.368  7.624  8.020 1.438E+07
 36000. 7.5  0.417  5.404 -3.685  7.659  8.851  9.089  9.223  9.385  9.752  9.871  9.965  9.646  9.731  9.842  9.943 10.024 10.064 10.127 10.160 10.032 10.060 10.085 10.108  8.552  8.849  9.308  9.702 10.024  8.876  9.309  9.677  9.948 10.138  9.047  8.828  9.313  7.505  7.926 1.331E+07
 37000. 7.5  0.420  5.277 -3.757  7.589  8.789  9.034  9.170  9.335  9.707  9.828  9.923  9.600  9.686  9.798  9.901  9.983 10.025 10.092 10.128  9.992 10.021 10.047 10.071  8.484  8.790  9.255  9.652  9.975  8.818  9.255  9.627  9.899 10.091  8.990  8.768  9.262  7.390  7.836 1.253E+07
 38000. 7.5  0.423  5.154 -3.825  7.519  8.728  8.979  9.117  9.285  9.661  9.784  9.881  9.553  9.641  9.754  9.859  9.943  9.986 10.057 10.096  9.952  9.982 10.009 10.035  8.415  8.731  9.201  9.601  9.927  8.760  9.202  9.576  9.850 10.043  8.934  8.708  9.211  7.273  7.746 1.183E+07
 39000. 7.5  0.426  5.033 -3.889  7.447  8.665  8.923  9.063  9.234  9.615  9.739  9.838  9.506  9.594  9.710  9.816  9.902  9.946 10.022 10.064  9.912  9.943  9.971  9.999  8.346  8.672  9.147  9.549  9.877  8.701  9.147  9.524  9.800  9.995  8.876  8.647  9.159  7.154  7.655 1.119E+07
 40000. 7.5  0.429  4.915 -3.949  7.375  8.601  8.865  9.007  9.182  9.568  9.694  9.794  9.457  9.547  9.664  9.772  9.861  9.907  9.987 10.030  9.870  9.903  9.932  9.962  8.275  8.611  9.091  9.496  9.827  8.640  9.091  9.471  9.749  9.945  8.817  8.585  9.106  7.033  7.561 1.059E+07
 42500. 7.5  0.437  4.632 -4.087  7.189  8.440  8.719  8.867  9.049  9.446  9.576  9.681  9.333  9.426  9.546  9.660  9.753  9.801  9.873  9.890  9.763  9.797  9.827  9.854  8.095  8.457  8.950  9.362  9.697  8.488  8.950  9.336  9.618  9.818  8.669  8.427  8.971  6.737  7.323 9.273E+06
 45000. 7.5  0.444  4.367 -4.168  6.952  8.235  8.534  8.690  8.883  9.297  9.434  9.544  9.180  9.277  9.404  9.523  9.621  9.670  9.731  9.721  9.632  9.666  9.695  9.719  7.863  8.262  8.771  9.193  9.536  8.296  8.772  9.166  9.455  9.662  8.480  8.226  8.802  6.439  7.041 8.229E+06
 47500. 7.5  0.452  4.113 -4.203  6.682  7.999  8.316  8.465  8.657  9.081  9.212  9.322  8.967  9.061  9.183  9.301  9.393  9.437  9.494  9.499  9.402  9.433  9.460  9.481  7.595  8.037  8.547  8.966  9.314  8.073  8.548  8.939  9.230  9.447  8.252  7.991  8.578  6.226  6.796 7.323E+06
 50000. 7.5  0.459  3.874 -4.367  6.593  7.918  8.241  8.389  8.580  9.007  9.136  9.246  8.893  8.986  9.106  9.224  9.317  9.363  9.426  9.437  9.327  9.359  9.387  9.411  7.507  7.959  8.470  8.889  9.238  7.996  8.472  8.863  9.154  9.373  8.175  7.911  8.502  6.138  6.709 6.600E+06
 52500. 7.5  0.466  3.646 -4.544  6.534  7.863  8.190  8.338  8.531  8.958  9.087  9.198  8.844  8.938  9.058  9.176  9.268  9.315  9.379  9.391  9.278  9.311  9.339  9.363  7.448  7.906  8.419  8.839  9.189  7.943  8.421  8.813  9.104  9.324  8.122  7.857  8.451  6.069  6.646 5.994E+06
 55000. 7.5  0.472  3.430 -4.717  6.485  7.818  8.147  8.296  8.489  8.918  9.047  9.157  8.804  8.898  9.018  9.136  9.228  9.274  9.338  9.350  9.238  9.270  9.298  9.323  7.400  7.861  8.377  8.797  9.148  7.899  8.379  8.771  9.063  9.284  8.078  7.812  8.410  6.009  6.592 5.504E+06
 57500. 7.5  0.454  3.279 -4.882  6.494  7.829  8.161  8.310  8.505  8.934  9.063  9.174  8.820  8.914  9.034  9.152  9.244  9.290  9.355  9.366  9.254  9.287  9.315  9.339  7.410  7.873  8.391  8.813  9.164  7.911  8.393  8.786  9.079  9.300  8.091  7.824  8.425  6.005  6.596 5.901E+06
 60000. 7.5  0.484  3.025 -5.039  6.393  7.730  8.065  8.214  8.410  8.840  8.969  9.079  8.725  8.820  8.940  9.058  9.150  9.196  9.261  9.272  9.160  9.192  9.221  9.245  7.309  7.775  8.295  8.717  9.069  7.813  8.297  8.691  8.984  9.205  7.994  7.725  8.329  5.891  6.489 5.076E+06
 65000. 7.5  0.500  2.641 -5.329  6.290  7.631  7.970  8.121  8.319  8.751  8.880  8.991  8.635  8.730  8.851  8.970  9.062  9.109  9.175  9.183  9.072  9.105  9.134  9.159  7.207  7.678  8.202  8.626  8.978  7.716  8.204  8.599  8.893  9.114  7.898  7.627  8.237  5.761  6.374 4.002E+06
 70000. 7.5  0.516  2.285 -5.590  6.187  7.531  7.875  8.027  8.227  8.661  8.792  8.903  8.544  8.641  8.762  8.882  8.976  9.023  9.089  9.094  8.986  9.019  9.048  9.074  7.105  7.579  8.107  8.533  8.887  7.618  8.109  8.507  8.802  9.023  7.802  7.529  8.144  5.630  6.257 2.838E+06
  3250. 8.0  0.567 16.765 -1.021 19.855 19.220 17.785 16.866 15.982 15.000 14.580 14.661 15.393 14.951 14.565 14.652 15.038 15.214 15.114 14.635 15.081 15.203 15.282 15.270 20.385 18.464 17.213 16.551 16.192 18.358 17.206 16.583 16.266 16.095 17.079 17.982 16.170 34.532 25.553 8.936E+09
  3500. 8.0  0.567 16.443 -0.805 19.027 18.544 17.247 16.420 15.616 14.752 14.391 14.491 15.100 14.705 14.374 14.479 14.812 14.969 14.849 14.395 14.850 14.959 15.021 14.995 19.577 17.857 16.739 16.164 15.863 17.761 16.734 16.191 15.923 15.784 16.645 17.444 15.791 32.637 24.350 8.499E+09
  3750. 8.0  0.567 16.143 -0.630 18.293 17.945 16.773 16.028 15.297 14.536 14.219 14.310 14.846 14.491 14.200 14.297 14.604 14.733 14.593 14.162 14.637 14.726 14.769 14.732 18.861 17.320 16.323 15.825 15.576 17.233 16.319 15.849 15.624 15.513 16.259 16.966 15.458 30.956 23.278 8.041E+09
  4000. 8.0  0.568 15.862 -0.497 17.651 17.423 16.360 15.684 15.016 14.341 14.055 14.123 14.619 14.298 14.036 14.108 14.392 14.528 14.421 13.986 14.424 14.519 14.577 14.554 18.238 16.851 15.959 15.528 15.322 16.772 15.956 15.547 15.360 15.273 15.915 16.545 15.164 29.469 22.334 7.573E+09
  4250. 8.0  0.568 15.599 -0.383 17.059 16.943 15.982 15.371 14.763 14.169 13.911 13.966 14.418 14.127 13.892 13.949 14.209 14.319 14.175 13.765 14.239 14.314 14.345 14.304 17.663 16.420 15.629 15.259 15.095 16.349 15.625 15.276 15.124 15.059 15.599 16.157 14.898 28.085 21.457 7.107E+09
  4500. 8.0  0.568 15.350 -0.296 16.546 16.523 15.646 15.088 14.533 14.012 13.780 13.825 14.233 13.971 13.760 13.808 14.036 14.142 13.996 13.591 14.063 14.136 14.165 14.123 17.166 16.040 15.331 15.015 14.887 15.975 15.329 15.029 14.907 14.862 15.312 15.811 14.656 26.890 20.700 6.643E+09
  4750. 8.0  0.568 15.115 -0.226 16.071 16.137 15.341 14.834 14.328 13.872 13.658 13.682 14.070 13.833 13.638 13.662 13.871 13.962 13.800 13.412 13.897 13.958 13.974 13.924 16.706 15.692 15.064 14.799 14.704 15.634 15.062 14.810 14.716 14.689 15.050 15.493 14.440 25.763 19.989 6.152E+09
  5000. 8.0  0.568 14.891 -0.177 15.649 15.794 15.069 14.606 14.142 13.741 13.541 13.541 13.920 13.703 13.521 13.520 13.695 13.777 13.613 13.241 13.718 13.773 13.786 13.735 16.298 15.382 14.824 14.602 14.535 15.329 14.823 14.611 14.541 14.530 14.812 15.207 14.244 24.751 19.353 5.609E+09
  5250. 8.0  0.569 14.678 -0.142 15.271 15.485 14.821 14.395 13.969 13.617 13.429 13.408 13.778 13.580 13.409 13.384 13.518 13.585 13.415 13.084 13.537 13.582 13.588 13.535 15.933 15.101 14.604 14.420 14.378 15.053 14.603 14.426 14.378 14.380 14.593 14.947 14.062 23.851 18.788 4.812E+09
  5500. 8.0  0.570 14.475 -0.118 14.925 15.200 14.593 14.202 13.810 13.502 13.326 13.286 13.648 13.466 13.306 13.261 13.346 13.395 13.225 12.957 13.360 13.393 13.392 13.336 15.598 14.842 14.402 14.252 14.233 14.799 14.401 14.257 14.229 14.243 14.389 14.705 13.894 23.021 18.267 3.938E+09
  5750. 8.0  0.571 14.280 -0.103 14.605 14.938 14.383 14.023 13.663 13.396 13.231 13.178 13.527 13.360 13.211 13.151 13.187 13.212 13.050 12.855 13.195 13.211 13.201 13.144 15.290 14.604 14.215 14.097 14.099 14.565 14.215 14.101 14.090 14.115 14.199 14.482 13.739 22.252 17.787 3.207E+09
  6000. 8.0  0.572 14.094 -0.095 14.310 14.696 14.189 13.857 13.526 13.296 13.142 13.082 13.414 13.261 13.122 13.053 13.047 13.050 12.911 12.781 13.049 13.050 13.035 12.984 15.006 14.383 14.042 13.954 13.975 14.348 14.042 13.956 13.961 13.997 14.023 14.274 13.595 21.536 17.341 2.566E+09
  6250. 8.0  0.572 13.915 -0.093 14.040 14.473 14.008 13.702 13.397 13.201 13.059 12.998 13.307 13.166 13.039 12.969 12.934 12.920 12.808 12.727 12.932 12.921 12.902 12.860 14.745 14.179 13.881 13.819 13.856 14.148 13.881 13.819 13.839 13.884 13.856 14.081 13.459 20.887 16.937 2.125E+09
  6500. 8.0  0.573 13.743 -0.096 13.789 14.265 13.839 13.557 13.277 13.112 12.983 12.924 13.207 13.079 12.962 12.895 12.843 12.818 12.728 12.681 12.838 12.820 12.799 12.764 14.502 13.988 13.730 13.692 13.746 13.960 13.730 13.691 13.725 13.779 13.701 13.899 13.332 20.286 16.561 1.868E+09
  6750. 8.0  0.574 13.578 -0.104 13.555 14.071 13.682 13.421 13.164 13.029 12.911 12.856 13.113 12.996 12.890 12.827 12.768 12.738 12.668 12.642 12.762 12.739 12.720 12.693 14.278 13.811 13.589 13.574 13.643 13.786 13.590 13.572 13.619 13.681 13.555 13.730 13.213 19.727 16.213 1.694E+09
  7000. 8.0  0.574 13.419 -0.115 13.340 13.891 13.535 13.294 13.057 12.949 12.843 12.793 13.023 12.916 12.821 12.764 12.705 12.674 12.622 12.611 12.698 12.675 12.658 12.637 14.069 13.645 13.457 13.463 13.544 13.623 13.458 13.459 13.517 13.587 13.417 13.572 13.101 19.212 15.893 1.548E+09
  7500. 8.0  0.575 13.118 -0.148 12.950 13.565 13.266 13.059 12.860 12.799 12.715 12.678 12.856 12.768 12.692 12.650 12.598 12.570 12.539 12.547 12.592 12.571 12.558 12.544 13.693 13.344 13.214 13.256 13.362 13.326 13.215 13.251 13.330 13.412 13.164 13.281 12.893 18.296 15.319 1.310E+09
  8000. 8.0  0.576 12.836 -0.191 12.608 13.276 13.027 12.849 12.682 12.662 12.597 12.573 12.704 12.632 12.573 12.545 12.506 12.486 12.488 12.524 12.501 12.486 12.479 12.478 13.363 13.077 12.998 13.071 13.197 13.063 12.999 13.064 13.160 13.253 12.936 13.023 12.706 17.492 14.814 1.115E+09
  8500. 8.0  0.577 12.570 -0.253 12.311 13.029 12.824 12.671 12.530 12.545 12.495 12.484 12.574 12.515 12.471 12.456 12.434 12.429 12.449 12.455 12.432 12.428 12.432 12.440 13.077 12.849 12.814 12.913 13.056 12.839 12.815 12.905 13.016 13.118 12.742 12.801 12.547 16.805 14.367 9.523E+08
  9000. 8.0  0.578 12.320 -0.313 12.039 12.800 12.633 12.503 12.387 12.435 12.400 12.401 12.452 12.406 12.376 12.374 12.365 12.367 12.390 12.381 12.364 12.365 12.373 12.383 12.814 12.636 12.641 12.764 12.923 12.629 12.642 12.755 12.880 12.991 12.558 12.593 12.397 16.156 13.962 8.197E+08
  9500. 8.0  0.579 12.083 -0.380 11.793 12.595 12.464 12.355 12.261 12.338 12.317 12.328 12.344 12.310 12.293 12.301 12.303 12.311 12.333 12.318 12.304 12.309 12.319 12.329 12.578 12.446 12.488 12.633 12.806 12.442 12.489 12.622 12.759 12.879 12.394 12.407 12.265 15.574 13.593 7.119E+08
 10000. 8.0  0.580 11.859 -0.454 11.573 12.411 12.312 12.222 12.149 12.251 12.243 12.262 12.249 12.224 12.218 12.236 12.248 12.259 12.277 12.261 12.249 12.257 12.268 12.277 12.366 12.276 12.352 12.516 12.702 12.275 12.353 12.504 12.653 12.779 12.247 12.240 12.147 15.054 13.257 6.233E+08
 11000. 8.0  0.583 11.441 -0.609 11.193 12.094 12.050 11.992 11.951 12.095 12.106 12.139 12.077 12.068 12.080 12.114 12.140 12.158 12.173 12.160 12.143 12.156 12.169 12.175 12.002 11.981 12.115 12.310 12.517 11.985 12.116 12.297 12.463 12.600 11.990 11.950 11.939 14.166 12.676 4.848E+08
 12000. 8.0  0.584 11.059 -0.769 10.876 11.828 11.829 11.798 11.784 11.966 11.994 12.039 11.934 11.940 11.968 12.015 12.050 12.069 12.080 12.068 12.054 12.067 12.077 12.081 11.698 11.734 11.915 12.138 12.362 11.741 11.916 12.123 12.304 12.452 11.773 11.705 11.765 13.435 12.193 3.826E+08
 13000. 8.0  0.586 10.709 -0.925 10.607 11.599 11.634 11.626 11.636 11.849 11.891 11.946 11.806 11.824 11.865 11.922 11.963 11.981 11.992 11.983 11.968 11.979 11.989 11.992 11.440 11.518 11.739 11.985 12.224 11.529 11.740 11.968 12.162 12.318 11.582 11.491 11.609 12.823 11.786 3.057E+08
 14000. 8.0  0.588 10.384 -1.073 10.375 11.396 11.456 11.467 11.498 11.737 11.792 11.854 11.684 11.713 11.765 11.830 11.876 11.894 11.906 11.898 11.880 11.892 11.901 11.906 11.216 11.325 11.577 11.842 12.094 11.338 11.577 11.825 12.030 12.193 11.408 11.299 11.466 12.303 11.441 2.459E+08
 15000. 8.0  0.590 10.081 -1.209 10.173 11.212 11.290 11.318 11.365 11.626 11.692 11.761 11.565 11.602 11.665 11.737 11.787 11.806 11.819 11.809 11.792 11.804 11.814 11.819 11.020 11.148 11.424 11.706 11.968 11.162 11.424 11.687 11.901 12.070 11.246 11.124 11.328 11.855 11.145 1.987E+08
 16000. 8.0  0.591  9.797 -1.335  9.995 11.045 11.133 11.175 11.236 11.514 11.590 11.664 11.445 11.490 11.562 11.641 11.696 11.716 11.730 11.715 11.701 11.714 11.725 11.730 10.847 10.985 11.279 11.575 11.844 10.999 11.279 11.555 11.776 11.948 11.094 10.962 11.195 11.467 10.887 1.610E+08
 17000. 8.0  0.593  9.531 -1.457  9.837 10.895 10.988 11.044 11.114 11.403 11.487 11.567 11.329 11.380 11.459 11.543 11.605 11.629 11.645 11.632 11.611 11.627 11.639 11.644 10.693 10.836 11.145 11.451 11.726 10.851 11.145 11.431 11.657 11.831 10.954 10.815 11.071 11.125 10.660 1.307E+08
 18000. 8.0  0.595  9.280 -1.581  9.698 10.763 10.861 10.927 11.006 11.301 11.392 11.474 11.223 11.278 11.363 11.451 11.521 11.550 11.571 11.564 11.528 11.547 11.561 11.569 10.558 10.705 11.027 11.342 11.620 10.720 11.027 11.320 11.552 11.725 10.831 10.686 10.961 10.822 10.458 1.060E+08
 19000. 8.0  0.596  9.042 -1.710  9.575 10.648 10.752 10.828 10.914 11.213 11.309 11.393 11.133 11.190 11.280 11.370 11.445 11.480 11.510 11.507 11.453 11.477 11.495 11.506 10.439 10.592 10.927 11.249 11.531 10.608 10.926 11.227 11.462 11.636 10.725 10.574 10.867 10.551 10.278 8.560E+07
 20000. 8.0  0.598  8.816 -1.844  9.468 10.549 10.660 10.746 10.838 11.140 11.241 11.325 11.059 11.118 11.212 11.302 11.380 11.419 11.457 11.457 11.388 11.416 11.437 11.451 10.335 10.496 10.842 11.172 11.457 10.512 10.842 11.150 11.388 11.562 10.636 10.479 10.790 10.309 10.119 6.875E+07
 21000. 8.0  0.600  8.601 -1.984  9.376 10.466 10.585 10.678 10.777 11.083 11.187 11.271 11.000 11.061 11.158 11.248 11.327 11.368 11.412 11.414 11.336 11.364 11.387 11.404 10.246 10.416 10.774 11.110 11.399 10.433 10.773 11.087 11.329 11.504 10.562 10.400 10.727 10.097  9.982 5.495E+07
 22000. 8.0  0.601  8.396 -2.134  9.307 10.404 10.530 10.628 10.733 11.042 11.148 11.232 10.958 11.020 11.119 11.209 11.288 11.328 11.375 11.379 11.297 11.325 11.349 11.367 10.179 10.356 10.723 11.064 11.356 10.374 10.722 11.041 11.286 11.461 10.507 10.340 10.681  9.922  9.876 4.377E+07
 23000. 8.0  0.603  8.200 -2.297  9.265 10.366 10.496 10.598 10.706 11.018 11.124 11.208 10.933 10.996 11.095 11.185 11.263 11.302 11.348 11.353 11.271 11.299 11.322 11.339 10.139 10.319 10.692 11.036 11.330 10.338 10.691 11.013 11.259 11.436 10.474 10.304 10.653  9.806  9.811 3.491E+07
 24000. 8.0  0.605  8.012 -2.459  9.233 10.336 10.471 10.575 10.685 10.998 11.104 11.188 10.913 10.976 11.075 11.165 11.242 11.279 11.324 11.330 11.250 11.276 11.298 11.315 10.107 10.291 10.668 11.015 11.309 10.310 10.667 10.992 11.239 11.416 10.448 10.276 10.631  9.712  9.762 2.802E+07
 25000. 8.0  0.607  7.831 -2.610  9.194 10.301 10.441 10.547 10.660 10.975 11.081 11.165 10.889 10.953 11.052 11.142 11.217 11.254 11.298 11.304 11.225 11.251 11.272 11.289 10.070 10.258 10.640 10.989 11.285 10.277 10.639 10.966 11.215 11.392 10.418 10.243 10.605  9.599  9.703 2.275E+07
 26000. 8.0  0.609  7.658 -2.745  9.144 10.256 10.402 10.511 10.629 10.947 11.053 11.136 10.860 10.925 11.024 11.114 11.188 11.224 11.268 11.274 11.195 11.220 11.241 11.258 10.021 10.216 10.604 10.957 11.255 10.235 10.603 10.934 11.184 11.362 10.379 10.201 10.572  9.469  9.625 1.876E+07
 27000. 8.0  0.610  7.491 -2.866  9.083 10.202 10.356 10.469 10.591 10.913 11.020 11.104 10.825 10.891 10.991 11.081 11.155 11.190 11.235 11.242 11.162 11.187 11.208 11.225  9.962 10.164 10.561 10.918 11.219 10.185 10.560 10.895 11.147 11.327 10.332 10.150 10.533  9.337  9.535 1.572E+07
 28000. 8.0  0.612  7.330 -2.976  9.016 10.142 10.306 10.423 10.550 10.877 10.985 11.070 10.787 10.855 10.956 11.047 11.120 11.156 11.201 11.210 11.128 11.153 11.173 11.191  9.897 10.109 10.513 10.876 11.179 10.130 10.513 10.852 11.107 11.288 10.280 10.094 10.490  9.210  9.440 1.335E+07
 29000. 8.0  0.614  7.174 -3.080  8.947 10.082 10.255 10.374 10.506 10.839 10.949 11.034 10.747 10.817 10.920 11.012 11.085 11.121 11.167 11.177 11.093 11.117 11.139 11.156  9.830 10.052 10.464 10.831 11.137 10.074 10.464 10.807 11.065 11.247 10.228 10.037 10.445  9.089  9.346 1.148E+07
 30000. 8.0  0.615  7.024 -3.179  8.876 10.021 10.203 10.325 10.462 10.800 10.911 10.998 10.706 10.778 10.882 10.975 11.050 11.085 11.133 11.145 11.057 11.082 11.104 11.122  9.761  9.995 10.414 10.786 11.095 10.018 10.414 10.762 11.021 11.205 10.174  9.979 10.399  8.972  9.253 1.001E+07
 31000. 8.0  0.618  6.877 -3.273  8.805  9.960 10.150 10.275 10.416 10.759 10.872 10.960 10.664 10.738 10.843 10.937 11.013 11.049 11.098 11.113 11.020 11.046 11.067 11.086  9.692  9.937 10.363 10.738 11.050  9.961 10.363 10.714 10.976 11.161 10.120  9.920 10.352  8.858  9.161 1.396E+07
 32000. 8.0  0.620  6.736 -3.364  8.737  9.901 10.100 10.227 10.371 10.720 10.834 10.923 10.622 10.698 10.805 10.900 10.977 11.014 11.065 11.083 10.985 11.011 11.033 11.052  9.625  9.882 10.315 10.693 11.007  9.907 10.314 10.669 10.932 11.119 10.067  9.864 10.306  8.748  9.073 1.277E+07
 33000. 8.0  0.621  6.600 -3.450  8.670  9.843 10.050 10.179 10.327 10.680 10.796 10.887 10.582 10.659 10.767 10.864 10.942 10.980 11.033 11.054 10.950 10.977 11.000 11.019  9.560  9.828 10.266 10.648 10.964  9.853 10.266 10.623 10.889 11.077 10.016  9.809 10.260  8.641  8.987 1.176E+07
 34000. 8.0  0.623  6.467 -3.533  8.604  9.786 10.000 10.131 10.283 10.641 10.758 10.850 10.541 10.619 10.729 10.828 10.907 10.946 11.002 11.026 10.915 10.942 10.966 10.987  9.496  9.774 10.218 10.603 10.921  9.800 10.218 10.578 10.845 11.036  9.965  9.754 10.215  8.534  8.902 1.090E+07
 35000. 8.0  0.624  6.339 -3.613  8.539  9.730  9.952 10.084 10.239 10.602 10.720 10.814 10.500 10.580 10.691 10.792 10.872 10.912 10.971 10.999 10.881 10.909 10.933 10.955  9.433  9.722 10.171 10.558 10.879  9.748 10.171 10.534 10.803 10.994  9.914  9.700 10.170  8.430  8.820 1.016E+07
 36000. 8.0  0.626  6.213 -3.690  8.475  9.675  9.903 10.038 10.195 10.563 10.683 10.778 10.460 10.541 10.653 10.755 10.838 10.878 10.941 10.972 10.846 10.875 10.900 10.923  9.370  9.669 10.124 10.514 10.836  9.696 10.124 10.489 10.760 10.953  9.864  9.646 10.126  8.326  8.738 9.505E+06
 37000. 8.0  0.628  6.092 -3.763  8.412  9.620  9.855  9.991 10.152 10.524 10.645 10.742 10.419 10.503 10.616 10.719 10.803 10.845 10.912 10.946 10.812 10.842 10.868 10.892  9.309  9.617 10.077 10.470 10.794  9.645 10.077 10.445 10.717 10.912  9.814  9.593 10.081  8.222  8.657 8.936E+06
 38000. 8.0  0.629  5.973 -3.833  8.349  9.565  9.806  9.945 10.109 10.485 10.608 10.706 10.379 10.464 10.578 10.683 10.769 10.812 10.883 10.920 10.778 10.808 10.836 10.861  9.247  9.565 10.030 10.426 10.752  9.593 10.030 10.401 10.675 10.870  9.765  9.540 10.037  8.118  8.576 8.435E+06
 39000. 8.0  0.631  5.857 -3.900  8.286  9.511  9.758  9.898 10.065 10.445 10.570 10.669 10.338 10.424 10.541 10.647 10.735 10.779 10.854 10.894 10.744 10.776 10.804 10.831  9.186  9.513  9.983 10.381 10.710  9.542  9.983 10.356 10.632 10.829  9.715  9.487  9.992  8.013  8.496 7.990E+06
 40000. 8.0  0.633  5.745 -3.964  8.223  9.455  9.709  9.851 10.021 10.406 10.532 10.633 10.297 10.385 10.503 10.611 10.700 10.747 10.826 10.868 10.710 10.743 10.772 10.801  9.125  9.461  9.935 10.337 10.667  9.490  9.936 10.311 10.589 10.787  9.665  9.433  9.947  7.906  8.414 7.592E+06
 42500. 8.0  0.636  5.475 -4.107  8.058  9.313  9.582  9.730  9.906 10.302 10.431 10.537 10.190 10.281 10.402 10.515 10.609 10.658 10.736 10.761 10.620 10.654 10.685 10.715  8.965  9.326  9.813 10.220 10.555  9.357  9.813 10.194 10.475 10.678  9.534  9.295  9.830  7.632  8.202 6.762E+06
 45000. 8.0  0.640  5.220 -4.220  7.876  9.155  9.440  9.595  9.780 10.189 10.324 10.434 10.074 10.168 10.294 10.412 10.511 10.562 10.637 10.651 10.522 10.558 10.590 10.619  8.788  9.175  9.676 10.092 10.433  9.208  9.677 10.066 10.352 10.559  9.390  9.140  9.702  7.355  7.969 6.107E+06
 47500. 8.0  0.644  4.979 -4.251  7.608  8.920  9.229  9.386  9.580 10.007 10.146 10.261  9.891  9.987 10.116 10.239 10.339 10.386 10.438 10.427 10.349 10.382 10.410 10.430  8.521  8.953  9.467  9.889 10.239  8.989  9.468  9.863 10.155 10.370  9.172  8.910  9.501  7.094  7.691 5.578E+06
 50000. 8.0  0.648  4.749 -4.349  7.447  8.774  9.097  9.247  9.439  9.868 10.000 10.111  9.755  9.847  9.970 10.090 10.184 10.231 10.298 10.314 10.194 10.227 10.256 10.282  8.361  8.815  9.329  9.748 10.098  8.852  9.331  9.722 10.013 10.233  9.032  8.767  9.361  6.968  7.550 5.144E+06
 52500. 8.0  0.652  4.530 -4.516  7.386  8.718  9.046  9.195  9.388  9.819  9.950 10.062  9.706  9.798  9.921 10.041 10.136 10.185 10.255 10.274 10.147 10.181 10.211 10.237  8.300  8.761  9.277  9.696 10.047  8.798  9.278  9.670  9.962 10.184  8.978  8.711  9.309  6.902  7.488 4.781E+06
 55000. 8.0  0.656  4.322 -4.687  7.342  8.677  9.009  9.158  9.353  9.785  9.916 10.029  9.671  9.764  9.887 10.007 10.102 10.151 10.222 10.241 10.113 10.147 10.177 10.204  8.257  8.722  9.240  9.661 10.012  8.760  9.242  9.634  9.927 10.149  8.940  8.672  9.273  6.848  7.441 4.474E+06
 57500. 8.0  0.659  4.125 -4.853  7.306  8.643  8.978  9.128  9.324  9.757  9.888 10.000  9.642  9.736  9.858  9.979 10.074 10.122 10.194 10.213 10.084 10.118 10.148 10.175  8.221  8.689  9.209  9.631  9.983  8.727  9.211  9.605  9.898 10.120  8.908  8.639  9.244  6.801  7.401 4.239E+06
 60000. 8.0  0.663  3.932 -5.013  7.269  8.608  8.945  9.096  9.292  9.726  9.857  9.970  9.611  9.706  9.828  9.948 10.043 10.092 10.163 10.182 10.053 10.088 10.118 10.145  8.185  8.655  9.177  9.600  9.952  8.693  9.179  9.573  9.867 10.089  8.874  8.604  9.212  6.753  7.359 4.005E+06
 65000. 8.0  0.671  3.573 -5.309  7.197  8.540  8.881  9.033  9.231  9.667  9.798  9.911  9.551  9.646  9.768  9.889  9.984 10.033 10.105 10.123  9.995 10.029 10.059 10.087  8.114  8.588  9.113  9.538  9.892  8.627  9.116  9.512  9.806 10.029  8.809  8.537  9.150  6.656  7.276 3.641E+06
 70000. 8.0  0.678  3.239 -5.575  7.123  8.468  8.814  8.967  9.167  9.604  9.736  9.849  9.487  9.583  9.706  9.827  9.923  9.973 10.046 10.060  9.934  9.969 10.000 10.028  8.040  8.518  9.047  9.473  9.828  8.557  9.049  9.447  9.742  9.965  8.740  8.467  9.085  6.556  7.190 3.358E+06
  3250. 8.5  0.898 17.515 -1.081 20.698 20.047 18.596 17.666 16.773 15.775 15.307 15.230 16.175 15.726 15.296 15.214 15.615 15.622 15.556 15.091 15.632 15.615 15.698 15.703 21.227 19.283 18.016 17.344 16.979 19.176 18.009 17.377 17.054 16.880 17.877 18.792 16.963 35.306 26.415 8.700E+09
  3500. 8.5  0.898 17.194 -0.864 19.871 19.371 18.058 17.219 16.405 15.523 15.109 15.041 15.880 15.476 15.095 15.022 15.319 15.507 15.461 14.997 15.357 15.493 15.606 15.605 20.419 18.676 17.542 16.955 16.647 18.578 17.536 16.983 16.709 16.566 17.443 18.254 16.581 33.386 25.208 8.525E+09
  3750. 8.5  0.898 16.894 -0.674 19.111 18.752 17.568 16.813 16.075 15.300 14.934 14.885 15.617 15.255 14.919 14.866 15.131 15.382 15.351 14.880 15.171 15.363 15.502 15.494 19.679 18.121 17.111 16.605 16.351 18.033 17.106 16.629 16.400 16.286 17.044 17.761 16.237 31.637 24.100 8.342E+09
  4000. 8.5  0.898 16.614 -0.525 18.442 18.208 17.138 16.458 15.788 15.106 14.780 14.735 15.388 15.062 14.764 14.715 14.965 15.176 15.121 14.654 15.005 15.161 15.271 15.259 19.028 17.633 16.735 16.300 16.093 17.553 16.731 16.320 16.131 16.043 16.690 17.324 15.936 30.092 23.118 8.139E+09
  4250. 8.5  0.898 16.350 -0.405 17.843 17.722 16.755 16.141 15.531 14.931 14.638 14.593 15.184 14.889 14.621 14.571 14.789 14.951 14.861 14.414 14.824 14.940 15.014 14.993 18.446 17.196 16.399 16.027 15.862 17.124 16.396 16.044 15.890 15.825 16.370 16.931 15.666 28.695 22.231 7.908E+09
  4500. 8.5  0.899 16.102 -0.314 17.320 17.296 16.416 15.857 15.299 14.770 14.505 14.460 14.996 14.729 14.488 14.437 14.629 14.789 14.696 14.255 14.662 14.778 14.851 14.827 17.939 16.812 16.101 15.782 15.652 16.747 16.098 15.796 15.673 15.626 16.080 16.581 15.422 27.458 21.452 7.657E+09
  4750. 8.5  0.899 15.867 -0.243 16.850 16.912 16.110 15.599 15.088 14.624 14.385 14.338 14.826 14.584 14.367 14.314 14.482 14.624 14.513 14.095 14.512 14.615 14.672 14.643 17.485 16.465 15.830 15.560 15.462 16.406 15.828 15.571 15.475 15.446 15.816 16.263 15.201 26.347 20.752 7.371E+09
  5000. 8.5  0.899 15.644 -0.187 16.419 16.561 15.832 15.366 14.899 14.494 14.277 14.227 14.675 14.456 14.258 14.202 14.338 14.451 14.320 13.941 14.363 14.444 14.484 14.447 17.068 16.147 15.585 15.360 15.292 16.094 15.583 15.369 15.298 15.286 15.573 15.971 15.002 25.321 20.105 7.083E+09
  5250. 8.5  0.899 15.432 -0.149 16.028 16.244 15.581 15.155 14.728 14.374 14.175 14.120 14.537 14.337 14.156 14.094 14.189 14.273 14.127 13.803 14.209 14.268 14.291 14.246 16.691 15.861 15.364 15.179 15.137 15.813 15.363 15.186 15.138 15.139 15.352 15.706 14.821 24.384 19.515 6.755E+09
  5500. 8.5  0.899 15.230 -0.123 15.680 15.959 15.353 14.962 14.569 14.259 14.076 14.016 14.406 14.223 14.057 13.989 14.044 14.099 13.949 13.700 14.057 14.096 14.105 14.056 16.355 15.602 15.162 15.012 14.992 15.559 15.161 15.017 14.988 15.002 15.148 15.465 14.654 23.551 18.990 6.296E+09
  5750. 8.5  0.899 15.036 -0.107 15.362 15.698 15.143 14.783 14.422 14.153 13.985 13.921 14.285 14.118 13.965 13.893 13.910 13.940 13.798 13.615 13.917 13.938 13.936 13.887 16.048 15.364 14.975 14.857 14.858 15.325 14.975 14.860 14.849 14.874 14.959 15.242 14.498 22.795 18.512 5.757E+09
  6000. 8.5  0.900 14.851 -0.098 15.068 15.457 14.950 14.618 14.286 14.055 13.900 13.835 14.174 14.020 13.880 13.806 13.793 13.801 13.676 13.549 13.795 13.800 13.791 13.746 15.764 15.144 14.803 14.714 14.734 15.109 14.803 14.716 14.721 14.757 14.783 15.035 14.355 22.093 18.068 5.283E+09
  6250. 8.5  0.900 14.674 -0.097 14.796 15.233 14.770 14.465 14.161 13.964 13.822 13.758 14.070 13.930 13.801 13.729 13.692 13.683 13.578 13.496 13.690 13.683 13.669 13.630 15.502 14.941 14.644 14.582 14.620 14.909 14.644 14.582 14.602 14.648 14.619 14.842 14.222 21.446 17.658 4.818E+09
  6500. 8.5  0.900 14.503 -0.101 14.545 15.027 14.604 14.322 14.043 13.877 13.747 13.687 13.972 13.843 13.726 13.657 13.606 13.584 13.499 13.451 13.601 13.585 13.567 13.535 15.261 14.752 14.496 14.458 14.511 14.724 14.496 14.457 14.491 14.545 14.466 14.663 14.098 20.854 17.282 4.383E+09
  6750. 8.5  0.901 14.339 -0.110 14.314 14.835 14.448 14.188 13.931 13.794 13.676 13.621 13.879 13.761 13.655 13.592 13.535 13.508 13.441 13.413 13.529 13.509 13.492 13.465 15.038 14.576 14.356 14.341 14.409 14.551 14.356 14.338 14.385 14.447 14.321 14.495 13.980 20.314 16.937 4.008E+09
  7000. 8.5  0.901 14.180 -0.122 14.099 14.656 14.302 14.062 13.826 13.717 13.610 13.561 13.791 13.684 13.588 13.532 13.474 13.444 13.391 13.377 13.467 13.445 13.428 13.407 14.830 14.412 14.225 14.231 14.313 14.389 14.226 14.228 14.286 14.355 14.185 14.338 13.869 19.815 16.618 3.693E+09
  7500. 8.5  0.901 13.880 -0.157 13.711 14.332 14.037 13.832 13.633 13.572 13.486 13.449 13.629 13.541 13.464 13.421 13.369 13.341 13.312 13.318 13.363 13.342 13.329 13.316 14.456 14.113 13.987 14.030 14.135 14.096 13.988 14.024 14.103 14.185 13.935 14.051 13.667 18.922 16.044 3.180E+09
  8000. 8.5  0.902 13.599 -0.202 13.371 14.046 13.801 13.625 13.458 13.439 13.372 13.348 13.481 13.408 13.349 13.320 13.280 13.259 13.257 13.290 13.275 13.259 13.253 13.250 14.128 13.849 13.774 13.847 13.973 13.836 13.774 13.840 13.937 14.030 13.711 13.795 13.483 18.148 15.546 2.744E+09
  8500. 8.5  0.902 13.335 -0.268 13.078 13.804 13.603 13.452 13.311 13.324 13.272 13.259 13.354 13.294 13.248 13.232 13.208 13.200 13.220 13.236 13.205 13.200 13.202 13.210 13.846 13.626 13.595 13.694 13.836 13.617 13.596 13.686 13.796 13.898 13.521 13.578 13.328 17.479 15.098 2.361E+09
  9000. 8.5  0.903 13.087 -0.324 12.807 13.574 13.411 13.282 13.167 13.213 13.177 13.176 13.231 13.184 13.153 13.149 13.138 13.139 13.165 13.161 13.137 13.137 13.145 13.155 13.584 13.412 13.420 13.544 13.702 13.406 13.421 13.534 13.659 13.770 13.335 13.369 13.177 16.867 14.707 2.023E+09
  9500. 8.5  0.903 12.851 -0.388 12.563 13.368 13.239 13.131 13.038 13.114 13.092 13.102 13.121 13.085 13.067 13.075 13.076 13.083 13.107 13.093 13.076 13.081 13.091 13.102 13.349 13.220 13.264 13.410 13.583 13.217 13.265 13.399 13.536 13.655 13.170 13.182 13.042 16.312 14.349 1.726E+09
 10000. 8.5  0.903 12.628 -0.459 12.344 13.184 13.087 12.997 12.924 13.026 13.017 13.036 13.023 12.998 12.992 13.010 13.020 13.031 13.051 13.034 13.022 13.029 13.041 13.050 13.138 13.049 13.126 13.291 13.477 13.049 13.127 13.279 13.428 13.554 13.022 13.014 12.922 15.808 14.021 1.467E+09
 11000. 8.5  0.904 12.213 -0.612 11.965 12.867 12.825 12.766 12.725 12.869 12.880 12.913 12.851 12.843 12.854 12.888 12.914 12.932 12.947 12.933 12.917 12.929 12.942 12.949 12.775 12.755 12.889 13.085 13.292 12.759 12.890 13.071 13.238 13.375 12.765 12.724 12.714 14.934 13.447 1.055E+09
 12000. 8.5  0.905 11.834 -0.772 11.650 12.604 12.606 12.575 12.561 12.742 12.770 12.815 12.711 12.717 12.744 12.791 12.826 12.845 12.855 12.844 12.830 12.843 12.853 12.857 12.473 12.510 12.693 12.915 13.139 12.518 12.694 12.899 13.081 13.229 12.550 12.481 12.541 14.209 12.966 8.196E+08
 13000. 8.5  0.906 11.485 -0.930 11.383 12.378 12.415 12.407 12.416 12.629 12.671 12.726 12.586 12.604 12.644 12.701 12.742 12.760 12.770 12.761 12.746 12.758 12.767 12.771 12.217 12.298 12.521 12.765 13.004 12.309 12.522 12.748 12.943 13.099 12.363 12.271 12.390 13.600 12.560 6.675E+08
 14000. 8.5  0.907 11.163 -1.081 11.153 12.180 12.244 12.256 12.284 12.523 12.577 12.639 12.470 12.498 12.550 12.615 12.659 12.676 12.688 12.681 12.663 12.674 12.683 12.688 11.996 12.111 12.365 12.629 12.880 12.124 12.366 12.611 12.816 12.979 12.194 12.085 12.252 13.082 12.215 5.521E+08
 15000. 8.5  0.908 10.862 -1.222 10.952 12.003 12.084 12.113 12.157 12.419 12.484 12.551 12.358 12.395 12.456 12.527 12.575 12.593 12.607 12.598 12.580 12.591 12.601 12.606 11.802 11.940 12.219 12.499 12.760 11.955 12.220 12.480 12.694 12.863 12.039 11.915 12.121 12.636 11.918 4.591E+08
 16000. 8.5  0.908 10.581 -1.353 10.775 11.841 11.934 11.977 12.034 12.313 12.388 12.461 12.245 12.290 12.360 12.437 12.490 12.509 12.523 12.512 12.494 12.507 12.517 12.523 11.630 11.783 12.080 12.374 12.643 11.798 12.080 12.354 12.575 12.748 11.893 11.758 11.995 12.248 11.660 3.853E+08
 17000. 8.5  0.909 10.317 -1.475 10.617 11.693 11.791 11.847 11.914 12.206 12.289 12.367 12.133 12.183 12.261 12.344 12.403 12.425 12.440 12.428 12.409 12.423 12.434 12.440 11.476 11.637 11.948 12.252 12.527 11.653 11.948 12.231 12.458 12.634 11.755 11.613 11.872 11.907 11.433 3.263E+08
 18000. 8.5  0.910 10.068 -1.594 10.475 11.560 11.661 11.727 11.801 12.101 12.191 12.274 12.024 12.078 12.162 12.251 12.319 12.346 12.365 12.356 12.326 12.344 12.357 12.364 11.338 11.504 11.827 12.138 12.418 11.520 11.827 12.117 12.348 12.525 11.629 11.482 11.758 11.606 11.231 2.780E+08
 19000. 8.5  0.911  9.832 -1.715 10.348 11.441 11.547 11.622 11.702 12.005 12.100 12.185 11.927 11.982 12.071 12.163 12.239 12.274 12.302 12.296 12.247 12.271 12.289 12.299 11.214 11.387 11.721 12.038 12.321 11.403 11.721 12.017 12.250 12.429 11.518 11.365 11.658 11.337 11.050 2.378E+08
 20000. 8.5  0.912  9.608 -1.841 10.236 11.338 11.449 11.533 11.619 11.924 12.022 12.108 11.845 11.901 11.994 12.086 12.166 12.208 12.248 12.246 12.175 12.204 12.227 12.243 11.105 11.286 11.631 11.954 12.240 11.303 11.630 11.932 12.169 12.348 11.423 11.265 11.573 11.096 10.887 2.043E+08
 21000. 8.5  0.912  9.395 -1.972 10.136 11.248 11.367 11.458 11.550 11.858 11.959 12.045 11.779 11.835 11.930 12.022 12.104 12.149 12.201 12.201 12.113 12.145 12.172 12.192 11.009 11.199 11.555 11.884 12.173 11.216 11.554 11.861 12.101 12.281 11.342 11.178 11.503 10.880 10.743 1.761E+08
 22000. 8.5  0.913  9.192 -2.106 10.051 11.172 11.299 11.396 11.493 11.806 11.909 11.995 11.726 11.783 11.880 11.973 12.055 12.100 12.159 12.163 12.064 12.096 12.124 12.148 10.926 11.126 11.492 11.826 12.118 11.144 11.491 11.804 12.047 12.228 11.275 11.105 11.445 10.688 10.618 1.524E+08
 23000. 8.5  0.914  8.998 -2.247  9.983 11.111 11.246 11.348 11.450 11.767 11.872 11.959 11.685 11.744 11.843 11.936 12.018 12.063 12.124 12.130 12.027 12.059 12.087 12.112 10.861 11.068 11.443 11.782 12.077 11.087 11.442 11.759 12.005 12.187 11.222 11.048 11.400 10.526 10.516 1.322E+08
 24000. 8.5  0.915  8.813 -2.397  9.937 11.071 11.210 11.316 11.422 11.741 11.848 11.935 11.659 11.719 11.819 11.912 11.994 12.038 12.098 12.105 12.003 12.034 12.062 12.086 10.816 11.029 11.410 11.753 12.050 11.049 11.409 11.729 11.977 12.160 11.186 11.009 11.370 10.405 10.446 1.147E+08
 25000. 8.5  0.916  8.634 -2.552  9.906 11.043 11.186 11.294 11.402 11.724 11.831 11.918 11.641 11.701 11.802 11.895 11.977 12.020 12.078 12.084 11.985 12.016 12.043 12.066 10.786 11.003 11.387 11.732 12.031 11.023 11.386 11.709 11.958 12.142 11.162 10.983 11.350 10.320 10.398 9.954E+07
 26000. 8.5  0.916  8.463 -2.698  9.874 11.014 11.161 11.271 11.382 11.706 11.813 11.901 11.622 11.683 11.784 11.878 11.959 12.001 12.056 12.063 11.967 11.997 12.023 12.045 10.755 10.976 11.364 11.712 12.011 10.996 11.363 11.688 11.938 12.123 11.136 10.955 11.329 10.227 10.348 8.626E+07
 27000. 8.5  0.917  8.298 -2.832  9.834 10.978 11.130 11.243 11.357 11.684 11.792 11.880 11.599 11.662 11.763 11.857 11.937 11.978 12.032 12.039 11.946 11.975 12.000 12.020 10.716 10.942 11.335 11.686 11.988 10.963 11.334 11.663 11.914 12.100 11.106 10.922 11.303 10.116 10.286 7.460E+07
 28000. 8.5  0.918  8.139 -2.955  9.786 10.936 11.094 11.210 11.328 11.659 11.768 11.856 11.572 11.636 11.739 11.833 11.913 11.953 12.005 12.013 11.921 11.949 11.973 11.993 10.670 10.902 11.302 11.656 11.960 10.923 11.301 11.633 11.886 12.072 11.069 10.882 11.273  9.997 10.211 6.433E+07
 29000. 8.5  0.919  7.986 -3.067  9.732 10.888 11.053 11.173 11.296 11.630 11.741 11.830 11.543 11.608 11.712 11.807 11.886 11.925 11.976 11.985 11.894 11.922 11.945 11.964 10.618 10.857 11.264 11.623 11.929 10.878 11.263 11.599 11.854 12.042 11.027 10.837 11.239  9.880 10.130 5.526E+07
 30000. 8.5  0.920  7.838 -3.171  9.674 10.837 11.009 11.132 11.260 11.600 11.712 11.801 11.511 11.578 11.683 11.779 11.857 11.895 11.946 11.957 11.865 11.892 11.915 11.935 10.562 10.808 11.223 11.586 11.895 10.831 11.222 11.562 11.820 12.009 10.983 10.788 11.202  9.766 10.045 4.723E+07
 31000. 8.5  0.923  7.692 -3.269  9.610 10.780 10.961 11.087 11.220 11.565 11.678 11.769 11.474 11.543 11.649 11.746 11.824 11.862 11.914 11.928 11.832 11.859 11.882 11.902 10.500 10.755 11.177 11.545 11.857 10.778 11.176 11.521 11.781 11.972 10.934 10.735 11.160  9.655  9.958 4.205E+07
 32000. 8.5  0.924  7.553 -3.361  9.547 10.725 10.914 11.043 11.180 11.530 11.645 11.736 11.437 11.508 11.616 11.714 11.792 11.831 11.884 11.900 11.800 11.827 11.851 11.871 10.439 10.704 11.132 11.504 11.818 10.727 11.131 11.480 11.742 11.934 10.885 10.682 11.118  9.549  9.875 3.457E+07
 33000. 8.5  0.925  7.418 -3.449  9.484 10.670 10.867 10.998 11.139 11.494 11.610 11.703 11.399 11.472 11.581 11.680 11.759 11.799 11.854 11.874 11.768 11.795 11.819 11.840 10.377 10.652 11.086 11.462 11.778 10.676 11.085 11.437 11.702 11.895 10.836 10.629 11.076  9.446  9.793 2.839E+07
 34000. 8.5  0.926  7.287 -3.533  9.421 10.616 10.820 10.953 11.098 11.457 11.575 11.669 11.361 11.436 11.546 11.646 11.727 11.767 11.826 11.848 11.736 11.764 11.788 11.810 10.316 10.601 11.041 11.420 11.739 10.626 11.040 11.395 11.662 11.856 10.788 10.578 11.034  9.346  9.713 2.337E+07
 35000. 8.5  0.926  7.160 -3.614  9.360 10.563 10.774 10.909 11.058 11.421 11.540 11.635 11.323 11.399 11.511 11.613 11.695 11.736 11.797 11.824 11.704 11.733 11.758 11.781 10.256 10.551 10.996 11.379 11.699 10.577 10.996 11.354 11.622 11.818 10.741 10.527 10.992  9.247  9.634 1.934E+07
 36000. 8.5  0.927  7.037 -3.691  9.299 10.509 10.728 10.865 11.016 11.384 11.505 11.602 11.285 11.363 11.476 11.579 11.663 11.705 11.770 11.800 11.672 11.702 11.728 11.752 10.196 10.501 10.951 11.337 11.659 10.527 10.951 11.312 11.582 11.778 10.693 10.475 10.950  9.149  9.556 1.615E+07
 37000. 8.5  0.928  6.917 -3.766  9.239 10.457 10.683 10.821 10.976 11.348 11.470 11.568 11.247 11.327 11.441 11.546 11.631 11.675 11.743 11.776 11.640 11.671 11.698 11.723 10.138 10.451 10.907 11.295 11.620 10.478 10.907 11.270 11.542 11.740 10.646 10.425 10.908  9.052  9.480 1.365E+07
 38000. 8.5  0.929  6.800 -3.837  9.179 10.405 10.637 10.778 10.936 11.312 11.436 11.535 11.210 11.291 11.406 11.513 11.600 11.644 11.716 11.752 11.609 11.640 11.668 11.695 10.080 10.402 10.863 11.254 11.581 10.430 10.863 11.229 11.502 11.702 10.599 10.375 10.867  8.956  9.404 1.173E+07
 39000. 8.5  0.930  6.686 -3.906  9.121 10.354 10.592 10.734 10.895 11.276 11.401 11.502 11.172 11.254 11.371 11.479 11.568 11.614 11.690 11.729 11.578 11.610 11.639 11.667 10.022 10.354 10.819 11.213 11.542 10.382 10.819 11.188 11.462 11.663 10.552 10.325 10.825  8.859  9.329 1.025E+07
 40000. 8.5  0.931  6.575 -3.972  9.062 10.302 10.546 10.691 10.854 11.239 11.366 11.468 11.134 11.218 11.336 11.446 11.536 11.583 11.663 11.704 11.546 11.580 11.610 11.639  9.965 10.305 10.775 11.172 11.502 10.333 10.775 11.146 11.422 11.624 10.505 10.275 10.783  8.761  9.254 9.103E+06
 42500. 8.5  0.934  6.308 -4.117  8.901 10.163 10.425 10.573 10.744 11.139 11.269 11.375 11.030 11.118 11.239 11.353 11.449 11.499 11.581 11.611 11.459 11.494 11.527 11.558  9.809 10.174 10.657 11.059 11.394 10.204 10.657 11.034 11.313 11.518 10.380 10.141 10.670  8.500  9.052 7.172E+06
 45000. 8.5  0.936  6.058 -4.248  8.751 10.031 10.306 10.460 10.639 11.045 11.179 11.289 10.933 11.024 11.150 11.268 11.368 11.420 11.501 11.525 11.379 11.415 11.449 11.480  9.662 10.047 10.543 10.952 11.292 10.079 10.543 10.926 11.210 11.418 10.258 10.012 10.563  8.248  8.855 5.982E+06
 47500. 8.5  0.937  5.822 -4.328  8.549  9.854 10.149 10.310 10.498 10.920 11.060 11.175 10.805 10.899 11.030 11.154 11.257 11.310 11.382 11.390 11.269 11.305 11.338 11.366  9.464  9.880 10.391 10.810 11.157  9.914 10.391 10.783 11.073 11.286 10.097  9.840 10.420  7.987  8.612 5.209E+06
 50000. 8.5  0.939  5.597 -4.358  8.309  9.636  9.955 10.111 10.302 10.733 10.869 10.983 10.621 10.713 10.839 10.961 11.057 11.104 11.166 11.179 11.068 11.100 11.128 11.151  9.223  9.675 10.192 10.611 10.962  9.711 10.193 10.585 10.877 11.097  9.893  9.627 10.224  7.791  8.391 4.688E+06
 52500. 8.5  0.940  5.383 -4.494  8.215  9.548  9.877 10.029 10.221 10.654 10.787 10.901 10.542 10.634 10.758 10.879 10.976 11.026 11.102 11.126 10.987 11.022 11.053 11.082  9.129  9.592 10.110 10.530 10.881  9.629 10.112 10.503 10.795 11.018  9.810  9.542 10.143  7.708  8.305 4.315E+06
 55000. 8.5  0.942  5.179 -4.657  8.166  9.503  9.836  9.987 10.182 10.616 10.750 10.864 10.504 10.596 10.720 10.842 10.941 10.992 11.069 11.095 10.952 10.987 11.019 11.049  9.080  9.548 10.069 10.489 10.842  9.586 10.071 10.463 10.756 10.979  9.767  9.498 10.103  7.653  8.255 4.029E+06
 57500. 8.5  0.944  4.984 -4.821  8.129  9.469  9.805  9.957 10.152 10.589 10.722 10.837 10.476 10.569 10.693 10.815 10.914 10.965 11.043 11.070 10.925 10.961 10.993 11.022  9.044  9.515 10.038 10.460 10.813  9.554 10.040 10.434 10.727 10.951  9.735  9.464 10.073  7.607  8.215 3.800E+06
 60000. 8.5  0.945  4.797 -4.981  8.098  9.439  9.778  9.931 10.127 10.565 10.698 10.813 10.451 10.545 10.669 10.792 10.890 10.941 11.020 11.046 10.901 10.937 10.969 10.999  9.013  9.487 10.011 10.435 10.789  9.526 10.013 10.408 10.702 10.926  9.707  9.436 10.048  7.566  8.179 3.614E+06
 65000. 8.5  0.949  4.446 -5.281  8.039  9.383  9.727  9.880 10.079 10.518 10.652 10.766 10.403 10.498 10.622 10.745 10.843 10.894 10.973 10.998 10.854 10.890 10.922 10.952  8.955  9.433  9.960 10.386 10.741  9.472  9.963 10.359 10.654 10.879  9.655  9.381  9.998  7.484  8.111 3.327E+06
 70000. 8.5  0.952  4.120 -5.554  7.979  9.327  9.674  9.828 10.029 10.469 10.603 10.718 10.354 10.449 10.574 10.697 10.796 10.847 10.927 10.949 10.807 10.843 10.876 10.906  8.896  9.377  9.908 10.336 10.691  9.417  9.911 10.309 10.605 10.829  9.601  9.326  9.948  7.401  8.041 3.116E+06
  3250. 9.0  1.186 18.464 -1.155 21.769 21.093 19.619 18.675 17.769 16.755 16.255 16.005 17.162 16.706 16.246 15.972 16.217 16.670 16.648 16.172 16.307 16.644 16.817 16.807 22.294 20.317 19.029 18.344 17.971 20.208 19.022 18.378 18.048 17.869 18.884 19.815 17.962 36.461 27.537 5.442E+09
  3500. 9.0  1.186 18.142 -0.914 20.905 20.387 19.057 18.207 17.385 16.490 16.047 15.841 16.852 16.443 16.035 15.810 16.074 16.495 16.463 15.992 16.160 16.472 16.630 16.615 21.451 19.684 18.533 17.937 17.623 19.585 18.527 17.966 17.686 17.540 18.431 19.254 17.562 34.451 26.277 5.391E+09
  3750. 9.0  1.186 17.843 -0.716 20.134 19.758 18.558 17.795 17.048 16.261 15.868 15.703 16.583 16.216 15.855 15.675 15.910 16.249 16.208 15.732 15.977 16.229 16.369 16.352 20.699 19.119 18.095 17.580 17.320 19.030 18.090 17.604 17.370 17.254 18.025 18.752 17.211 32.674 25.152 5.326E+09
  4000. 9.0  1.186 17.562 -0.559 19.461 19.210 18.122 17.430 16.750 16.057 15.707 15.568 16.343 16.013 15.693 15.540 15.723 15.990 15.930 15.456 15.774 15.973 16.088 16.068 20.045 18.626 17.710 17.265 17.051 18.545 17.706 17.285 17.091 17.000 17.663 18.309 16.900 31.101 24.162 5.248E+09
  4250. 9.0  1.186 17.299 -0.422 18.827 18.697 17.721 17.103 16.489 15.885 15.573 15.457 16.140 15.843 15.557 15.429 15.607 15.815 15.718 15.261 15.652 15.803 15.881 15.855 19.429 18.167 17.363 16.987 16.819 18.095 17.359 17.004 16.848 16.782 17.333 17.899 16.625 29.650 23.232 5.162E+09
  4500. 9.0  1.186 17.051 -0.327 18.290 18.261 17.378 16.817 16.258 15.727 15.446 15.337 15.955 15.686 15.429 15.309 15.426 15.584 15.484 15.072 15.458 15.573 15.641 15.615 18.909 17.775 17.061 16.742 16.611 17.710 17.058 16.755 16.632 16.585 17.041 17.543 16.382 28.383 22.433 5.075E+09
  4750. 9.0  1.186 16.816 -0.253 17.813 17.873 17.069 16.558 16.046 15.579 15.324 15.221 15.784 15.539 15.306 15.193 15.290 15.446 15.343 14.955 15.321 15.436 15.501 15.473 18.447 17.424 16.789 16.518 16.420 17.365 16.787 16.530 16.433 16.404 16.774 17.223 16.159 27.246 21.718 4.986E+09
  5000. 9.0  1.186 16.593 -0.198 17.390 17.526 16.791 16.322 15.852 15.441 15.211 15.119 15.625 15.403 15.193 15.091 15.162 15.279 15.159 14.822 15.185 15.271 15.317 15.282 18.038 17.110 16.542 16.314 16.243 17.056 16.540 16.323 16.250 16.237 16.530 16.932 15.956 26.241 21.085 4.885E+09
  5250. 9.0  1.186 16.381 -0.155 16.999 17.207 16.537 16.107 15.677 15.319 15.112 15.028 15.484 15.282 15.093 14.999 15.044 15.128 14.999 14.716 15.061 15.122 15.151 15.111 17.660 16.820 16.317 16.129 16.085 16.772 16.316 16.136 16.086 16.087 16.306 16.664 15.771 25.310 20.497 4.776E+09
  5500. 9.0  1.186 16.179 -0.126 16.639 16.914 16.305 15.913 15.519 15.209 15.021 14.941 15.356 15.173 15.001 14.912 14.930 14.984 14.855 14.636 14.941 14.981 14.995 14.953 17.313 16.555 16.113 15.962 15.942 16.512 16.112 15.967 15.938 15.952 16.100 16.418 15.604 24.445 19.952 4.639E+09
  5750. 9.0  1.186 15.986 -0.109 16.314 16.650 16.095 15.735 15.374 15.104 14.932 14.856 15.237 15.069 14.912 14.827 14.820 14.849 14.727 14.565 14.825 14.847 14.850 14.808 17.000 16.316 15.927 15.809 15.810 16.277 15.926 15.812 15.801 15.826 15.911 16.194 15.450 23.662 19.458 4.466E+09
  6000. 9.0  1.186 15.801 -0.100 16.020 16.409 15.901 15.569 15.237 15.005 14.848 14.777 15.124 14.970 14.828 14.747 14.717 14.719 14.608 14.500 14.717 14.719 14.710 14.669 16.716 16.096 15.755 15.665 15.685 16.061 15.755 15.667 15.672 15.707 15.735 15.987 15.306 22.961 19.012 4.293E+09
  6250. 9.0  1.186 15.624 -0.098 15.748 16.186 15.722 15.416 15.111 14.914 14.770 14.704 15.020 14.880 14.750 14.674 14.630 14.620 14.526 14.451 14.628 14.620 14.607 14.572 16.455 15.893 15.595 15.533 15.570 15.861 15.595 15.533 15.553 15.598 15.571 15.794 15.173 22.318 18.602 4.116E+09
  6500. 9.0  1.186 15.453 -0.102 15.497 15.979 15.556 15.274 14.994 14.828 14.698 14.637 14.923 14.795 14.677 14.607 14.556 14.537 14.459 14.409 14.551 14.537 14.523 14.493 16.212 15.704 15.447 15.410 15.463 15.676 15.448 15.409 15.442 15.496 15.417 15.615 15.049 21.726 18.223 3.914E+09
  6750. 9.0  1.186 15.289 -0.112 15.264 15.787 15.401 15.142 14.885 14.748 14.630 14.575 14.833 14.716 14.609 14.545 14.488 14.462 14.399 14.370 14.482 14.463 14.447 14.422 15.988 15.529 15.310 15.295 15.363 15.504 15.310 15.293 15.339 15.401 15.274 15.448 14.934 21.181 17.872 3.715E+09
  7000. 9.0  1.186 15.131 -0.126 15.049 15.609 15.257 15.018 14.782 14.672 14.565 14.515 14.747 14.640 14.543 14.486 14.429 14.399 14.349 14.335 14.422 14.400 14.384 14.364 15.781 15.366 15.181 15.187 15.268 15.344 15.181 15.183 15.242 15.311 15.140 15.292 14.825 20.680 17.550 3.545E+09
  7500. 9.0  1.186 14.832 -0.163 14.662 15.287 14.995 14.790 14.591 14.529 14.444 14.406 14.587 14.498 14.421 14.378 14.327 14.300 14.270 14.271 14.320 14.301 14.288 14.276 15.408 15.069 14.945 14.988 15.093 15.052 14.946 14.982 15.061 15.143 14.892 15.007 14.624 19.795 16.975 3.282E+09
  8000. 9.0  1.187 14.551 -0.210 14.322 15.003 14.761 14.586 14.420 14.400 14.333 14.308 14.443 14.370 14.310 14.280 14.239 14.218 14.214 14.246 14.234 14.219 14.212 14.208 15.080 14.807 14.735 14.809 14.935 14.794 14.735 14.802 14.899 14.992 14.671 14.753 14.445 19.029 16.474 3.062E+09
  8500. 9.0  1.187 14.288 -0.281 14.033 14.767 14.569 14.419 14.278 14.288 14.235 14.221 14.320 14.259 14.212 14.193 14.167 14.158 14.177 14.200 14.164 14.158 14.160 14.166 14.803 14.590 14.562 14.661 14.803 14.581 14.563 14.652 14.763 14.864 14.486 14.542 14.295 18.349 16.019 2.845E+09
  9000. 9.0  1.187 14.040 -0.338 13.763 14.536 14.377 14.250 14.134 14.178 14.141 14.138 14.197 14.149 14.117 14.111 14.098 14.097 14.125 14.133 14.097 14.096 14.103 14.113 14.542 14.376 14.387 14.511 14.669 14.370 14.388 14.502 14.626 14.737 14.301 14.333 14.144 17.761 15.634 2.635E+09
  9500. 9.0  1.187 13.805 -0.399 13.520 14.329 14.204 14.096 14.004 14.078 14.055 14.063 14.086 14.049 14.030 14.036 14.035 14.041 14.070 14.059 14.036 14.039 14.050 14.062 14.307 14.183 14.229 14.375 14.548 14.180 14.231 14.364 14.501 14.620 14.134 14.144 14.007 17.228 15.285 2.440E+09
 10000. 9.0  1.187 13.582 -0.467 13.300 14.143 14.049 13.959 13.886 13.987 13.977 13.995 13.985 13.960 13.952 13.969 13.978 13.989 14.013 13.995 13.980 13.987 13.999 14.010 14.095 14.010 14.088 14.254 14.439 14.009 14.089 14.242 14.390 14.516 13.983 13.974 13.884 16.740 14.964 2.262E+09
 11000. 9.0  1.187 13.168 -0.615 12.921 13.824 13.783 13.724 13.684 13.827 13.837 13.870 13.810 13.801 13.812 13.845 13.870 13.888 13.905 13.889 13.874 13.886 13.900 13.907 13.731 13.713 13.847 14.043 14.250 13.717 13.848 14.030 14.196 14.333 13.722 13.681 13.672 15.882 14.398 1.949E+09
 12000. 9.0  1.188 12.790 -0.774 12.605 13.560 13.564 13.533 13.519 13.700 13.728 13.773 13.669 13.674 13.702 13.748 13.783 13.802 13.812 13.800 13.787 13.800 13.810 13.814 13.428 13.467 13.650 13.872 14.097 13.475 13.651 13.857 14.039 14.186 13.507 13.438 13.499 15.163 13.920 1.683E+09
 13000. 9.0  1.188 12.442 -0.934 12.338 13.336 13.375 13.367 13.376 13.588 13.630 13.684 13.545 13.563 13.603 13.660 13.701 13.718 13.728 13.718 13.705 13.716 13.725 13.728 13.173 13.257 13.481 13.724 13.963 13.268 13.482 13.708 13.902 14.058 13.322 13.230 13.349 14.557 13.514 1.458E+09
 14000. 9.0  1.188 12.120 -1.088 12.109 13.140 13.207 13.220 13.246 13.485 13.539 13.600 13.433 13.460 13.512 13.576 13.619 13.636 13.648 13.640 13.623 13.634 13.643 13.647 12.952 13.072 13.329 13.591 13.842 13.085 13.330 13.573 13.778 13.941 13.157 13.046 13.215 14.040 13.168 1.268E+09
 15000. 9.0  1.188 11.820 -1.233 11.908 12.967 13.053 13.082 13.124 13.385 13.449 13.516 13.325 13.361 13.422 13.492 13.538 13.555 13.569 13.562 13.542 13.553 13.562 13.568 12.759 12.906 13.189 13.467 13.727 12.921 13.190 13.448 13.661 13.830 13.006 12.880 13.089 13.593 12.869 1.100E+09
 16000. 9.0  1.189 11.539 -1.369 11.731 12.809 12.908 12.952 13.007 13.286 13.359 13.431 13.219 13.262 13.331 13.407 13.456 13.474 13.490 13.481 13.461 13.472 13.483 13.489 12.588 12.753 13.056 13.347 13.616 12.769 13.056 13.327 13.547 13.722 12.865 12.727 12.968 13.204 12.609 9.515E+08
 17000. 9.0  1.189 11.276 -1.494 11.573 12.665 12.770 12.826 12.891 13.185 13.266 13.343 13.112 13.162 13.238 13.320 13.375 13.395 13.410 13.399 13.380 13.393 13.403 13.409 12.434 12.611 12.928 13.229 13.505 12.628 12.928 13.209 13.435 13.613 12.731 12.586 12.850 12.863 12.381 8.220E+08
 18000. 9.0  1.189 11.027 -1.612 11.429 12.531 12.639 12.707 12.778 13.082 13.171 13.254 13.005 13.059 13.142 13.231 13.294 13.318 13.335 13.324 13.300 13.316 13.328 13.334 12.295 12.479 12.807 13.115 13.395 12.496 12.807 13.094 13.324 13.505 12.605 12.454 12.736 12.561 12.177 7.059E+08
 19000. 9.0  1.189 10.792 -1.728 11.299 12.410 12.520 12.597 12.673 12.982 13.076 13.164 12.904 12.959 13.048 13.141 13.215 13.247 13.270 13.262 13.223 13.244 13.259 13.268 12.168 12.358 12.697 13.010 13.293 12.375 12.696 12.988 13.221 13.403 12.490 12.334 12.630 12.292 11.995 6.010E+08
 20000. 9.0  1.190 10.569 -1.847 11.181 12.302 12.416 12.501 12.580 12.891 12.989 13.078 12.813 12.868 12.961 13.056 13.137 13.178 13.214 13.209 13.146 13.174 13.196 13.209 12.053 12.251 12.599 12.917 13.202 12.269 12.598 12.895 13.130 13.313 12.388 12.227 12.537 12.050 11.830 5.107E+08
 21000. 9.0  1.190 10.357 -1.969 11.075 12.205 12.326 12.418 12.502 12.815 12.915 13.004 12.737 12.792 12.886 12.981 13.066 13.112 13.164 13.162 13.075 13.108 13.136 13.156 11.951 12.158 12.515 12.838 13.126 12.176 12.514 12.816 13.053 13.237 12.300 12.133 12.458 11.833 11.681 4.360E+08
 22000. 9.0  1.190 10.155 -2.094 10.981 12.121 12.249 12.347 12.436 12.752 12.854 12.943 12.675 12.729 12.825 12.920 13.005 13.053 13.118 13.121 13.014 13.049 13.079 13.105 11.859 12.076 12.444 12.771 13.062 12.095 12.442 12.749 12.989 13.175 12.223 12.052 12.391 11.636 11.548 3.729E+08
 23000. 9.0  1.190  9.961 -2.222 10.898 12.047 12.183 12.287 12.381 12.702 12.806 12.895 12.623 12.679 12.777 12.872 12.956 13.004 13.077 13.085 12.966 13.000 13.032 13.061 11.779 12.006 12.382 12.715 13.010 12.025 12.381 12.693 12.936 13.123 12.158 11.981 12.334 11.460 11.429 3.203E+08
 24000. 9.0  1.191  9.776 -2.353 10.829 11.986 12.130 12.238 12.337 12.662 12.768 12.858 12.582 12.639 12.739 12.835 12.919 12.967 13.042 13.053 12.929 12.963 12.994 13.024 11.712 11.948 12.332 12.670 12.967 11.968 12.331 12.647 12.893 13.081 12.104 11.923 12.289 11.307 11.329 2.805E+08
 25000. 9.0  1.191  9.599 -2.491 10.777 11.940 12.089 12.201 12.305 12.633 12.741 12.831 12.552 12.610 12.711 12.808 12.893 12.940 13.015 13.026 12.902 12.936 12.967 12.997 11.661 11.904 12.295 12.636 12.936 11.925 12.294 12.613 12.861 13.051 12.064 11.879 12.255 11.180 11.251 2.507E+08
 26000. 9.0  1.191  9.428 -2.634 10.742 11.909 12.062 12.176 12.283 12.614 12.722 12.814 12.532 12.591 12.693 12.791 12.875 12.922 12.994 13.006 12.885 12.918 12.949 12.977 11.627 11.874 12.270 12.614 12.915 11.895 12.268 12.590 12.840 13.030 12.036 11.850 12.232 11.088 11.197 2.260E+08
 27000. 9.0  1.191  9.264 -2.775 10.712 11.883 12.040 12.155 12.264 12.598 12.707 12.799 12.515 12.575 12.678 12.776 12.860 12.907 12.976 12.987 12.870 12.903 12.933 12.960 11.599 11.850 12.248 12.595 12.897 11.871 12.247 12.572 12.822 13.013 12.013 11.825 12.213 11.010 11.152 2.040E+08
 28000. 9.0  1.192  9.106 -2.908 10.680 11.854 12.014 12.132 12.244 12.580 12.690 12.783 12.497 12.557 12.661 12.760 12.844 12.890 12.956 12.967 12.853 12.886 12.915 12.941 11.567 11.822 12.225 12.574 12.878 11.844 12.224 12.550 12.802 12.994 11.988 11.797 12.192 10.920 11.102 1.843E+08
 29000. 9.0  1.192  8.953 -3.032 10.642 11.820 11.985 12.106 12.221 12.560 12.671 12.764 12.475 12.537 12.642 12.741 12.825 12.870 12.933 12.945 12.834 12.866 12.894 12.919 11.530 11.790 12.198 12.550 12.856 11.812 12.197 12.526 12.780 12.972 11.959 11.765 12.167 10.818 11.041 1.668E+08
 30000. 9.0  1.192  8.806 -3.146 10.598 11.781 11.952 12.075 12.194 12.537 12.650 12.743 12.451 12.515 12.621 12.721 12.804 12.848 12.909 12.922 12.813 12.844 12.871 12.895 11.488 11.754 12.167 12.523 12.831 11.776 12.166 12.499 12.754 12.948 11.925 11.729 12.140 10.710 10.972 1.509E+08
 31000. 9.0  1.194  8.662 -3.252 10.548 11.738 11.913 12.041 12.164 12.511 12.625 12.719 12.424 12.489 12.596 12.696 12.779 12.822 12.882 12.896 12.788 12.819 12.845 12.867 11.441 11.712 12.132 12.491 12.802 11.735 12.130 12.467 12.725 12.920 11.887 11.687 12.108 10.602 10.897 1.815E+08
 32000. 9.0  1.195  8.523 -3.350 10.496 11.692 11.873 12.004 12.132 12.484 12.599 12.694 12.395 12.461 12.570 12.671 12.754 12.796 12.855 12.872 12.762 12.792 12.818 12.840 11.390 11.668 12.094 12.458 12.771 11.692 12.093 12.434 12.694 12.890 11.847 11.643 12.075 10.498 10.820 1.640E+08
 33000. 9.0  1.195  8.389 -3.442 10.440 11.642 11.831 11.965 12.097 12.454 12.570 12.666 12.363 12.432 12.541 12.643 12.725 12.767 12.828 12.848 12.734 12.763 12.789 12.812 11.336 11.622 12.055 12.423 12.738 11.646 12.053 12.398 12.660 12.858 11.804 11.596 12.038 10.398 10.743 1.482E+08
 34000. 9.0  1.196  8.259 -3.528 10.382 11.591 11.787 11.924 12.060 12.421 12.539 12.635 12.329 12.399 12.510 12.613 12.695 12.737 12.800 12.823 12.704 12.734 12.760 12.784 11.279 11.574 12.013 12.384 12.702 11.598 12.011 12.360 12.624 12.823 11.758 11.547 12.000 10.301 10.666 1.337E+08
 35000. 9.0  1.196  8.133 -3.610 10.323 11.539 11.743 11.881 12.022 12.387 12.506 12.603 12.293 12.365 12.477 12.581 12.664 12.707 12.773 12.800 12.673 12.704 12.731 12.755 11.222 11.525 11.969 12.345 12.665 11.550 11.968 12.320 12.586 12.786 11.712 11.498 11.960 10.206 10.591 1.204E+08
 36000. 9.0  1.197  8.010 -3.689 10.265 11.488 11.699 11.839 11.983 12.352 12.473 12.571 12.257 12.330 12.444 12.549 12.634 12.678 12.747 12.777 12.643 12.674 12.702 12.727 11.165 11.477 11.927 12.305 12.627 11.503 11.926 12.280 12.548 12.749 11.667 11.449 11.920 10.113 10.517 1.080E+08
 37000. 9.0  1.197  7.890 -3.764 10.206 11.436 11.654 11.796 11.943 12.317 12.439 12.539 12.220 12.295 12.410 12.516 12.603 12.648 12.720 12.754 12.612 12.644 12.673 12.699 11.107 11.428 11.883 12.265 12.589 11.455 11.882 12.240 12.509 12.711 11.620 11.399 11.879 10.020 10.442 9.675E+07
 38000. 9.0  1.198  7.774 -3.836 10.149 11.386 11.611 11.754 11.905 12.282 12.406 12.507 12.184 12.261 12.377 12.485 12.573 12.619 12.695 12.731 12.583 12.615 12.644 12.672 11.052 11.381 11.841 12.225 12.551 11.408 11.840 12.200 12.471 12.674 11.575 11.351 11.839  9.929 10.370 8.662E+07
 39000. 9.0  1.198  7.661 -3.906 10.093 11.337 11.567 11.713 11.866 12.248 12.373 12.475 12.148 12.226 12.343 12.453 12.543 12.590 12.669 12.708 12.553 12.586 12.616 12.646 10.997 11.334 11.799 12.186 12.514 11.362 11.798 12.161 12.434 12.637 11.530 11.303 11.800  9.838 10.298 7.759E+07
 40000. 9.0  1.199  7.551 -3.973 10.037 11.287 11.524 11.671 11.828 12.213 12.340 12.444 12.112 12.192 12.310 12.421 12.513 12.561 12.644 12.685 12.523 12.557 12.588 12.619 10.942 11.287 11.757 12.147 12.476 11.315 11.756 12.122 12.396 12.601 11.486 11.255 11.760  9.747 10.227 6.959E+07
 42500. 9.0  1.200  7.286 -4.117  9.878 11.148 11.404 11.554 11.718 12.115 12.244 12.352 12.008 12.093 12.215 12.330 12.427 12.478 12.564 12.599 12.438 12.473 12.507 12.539 10.787 11.156 11.639 12.035 12.369 11.186 11.638 12.010 12.288 12.495 11.360 11.122 11.648  9.497 10.031 5.313E+07
 45000. 9.0  1.201  7.037 -4.260  9.743 11.028 11.297 11.452 11.623 12.029 12.163 12.274 11.920 12.008 12.133 12.253 12.354 12.407 12.494 12.523 12.365 12.402 12.437 12.470 10.655 11.042 11.536 11.939 12.277 11.073 11.535 11.913 12.194 12.405 11.251 11.005 11.551  9.268  9.856 4.038E+07
 47500. 9.0  1.202  6.802 -4.370  9.584 10.888 11.172 11.333 11.512 11.929 12.068 12.183 11.817 11.909 12.038 12.162 12.266 12.321 12.403 12.422 12.278 12.316 12.351 12.382 10.500 10.908 11.415 11.826 12.169 10.941 11.415 11.799 12.085 12.299 11.123 10.868 11.437  9.021  9.652 3.019E+07
 50000. 9.0  1.202  6.578 -4.413  9.358 10.684 10.991 11.155 11.344 11.775 11.917 12.034 11.663 11.754 11.887 12.013 12.116 12.167 12.231 12.235 12.127 12.163 12.193 12.218 10.275 10.716 11.236 11.654 12.005 10.751 11.236 11.628 11.919 12.139 10.936 10.671 11.266  8.787  9.412 2.202E+07
 52500. 9.0  1.203  6.366 -4.490  9.196 10.531 10.856 11.013 11.204 11.638 11.774 11.888 11.528 11.618 11.744 11.867 11.964 12.013 12.088 12.114 11.975 12.009 12.040 12.068 10.111 10.572 11.094 11.513 11.865 10.609 11.095 11.487 11.778 12.001 10.791 10.523 11.126  8.657  9.268 1.601E+07
 55000. 9.0  1.204  6.162 -4.634  9.125 10.463 10.796 10.951 11.144 11.580 11.715 11.830 11.470 11.560 11.685 11.809 11.909 11.961 12.044 12.076 11.920 11.957 11.990 12.021 10.039 10.508 11.032 11.452 11.805 10.546 11.034 11.426 11.718 11.943 10.728 10.458 11.066  8.589  9.201 1.208E+07
 57500. 9.0  1.206  5.968 -4.790  9.081 10.421 10.758 10.913 11.108 11.546 11.682 11.798 11.435 11.526 11.652 11.776 11.877 11.931 12.016 12.049 11.889 11.926 11.960 11.992  9.995 10.468 10.994 11.415 11.769 10.507 10.996 11.389 11.682 11.907 10.689 10.417 11.029  8.539  9.155 9.626E+06
 60000. 9.0  1.208  5.782 -4.948  9.046 10.389 10.729 10.884 11.080 11.521 11.657 11.773 11.408 11.501 11.627 11.752 11.853 11.907 11.993 12.026 11.865 11.903 11.937 11.969  9.961 10.437 10.965 11.388 11.742 10.476 10.967 11.361 11.655 11.881 10.659 10.386 11.001  8.497  9.118 8.102E+06
 65000. 9.0  1.210  5.432 -5.248  8.989 10.335 10.680 10.835 11.035 11.478 11.614 11.730 11.364 11.457 11.584 11.709 11.811 11.865 11.951 11.983 11.822 11.860 11.894 11.927  9.904 10.385 10.916 11.341 11.697 10.424 10.918 11.315 11.610 11.836 10.608 10.333 10.955  8.420  9.052 6.621E+06
 70000. 9.0  1.212  5.109 -5.525  8.936 10.284 10.634 10.790 10.992 11.436 11.572 11.689 11.321 11.415 11.542 11.668 11.769 11.823 11.910 11.939 11.781 11.819 11.853 11.886  9.852 10.336 10.870 11.297 11.655 10.376 10.872 11.271 11.567 11.793 10.560 10.284 10.910  8.345  8.990 5.834E+06
